1 -28.358231 -7.366414 2.781705 -0.471507 -0.473128 0.522149 0.530275
2 -28.372250 -7.366491 2.781705 -0.471507 -0.473128 0.522149 0.530275
3 -28.397663 -7.366631 2.781705 -0.471507 -0.473128 0.522149 0.530275
4 -28.438852 -7.366858 2.781705 -0.471507 -0.473128 0.522149 0.530275
5 -28.504669 -7.367221 2.781705 -0.471507 -0.473128 0.522149 0.530275
6 -28.580656 -7.367640 2.781705 -0.471507 -0.473128 0.522149 0.530275
7 -28.662710 -7.368093 2.781705 -0.471507 -0.473128 0.522149 0.530275
8 -28.757423 -7.368615 2.781705 -0.471507 -0.473128 0.522149 0.530275
9 -28.864826 -7.369207 2.781705 -0.471507 -0.473128 0.522149 0.530275
10 -28.984924 -7.369869 2.781705 -0.471507 -0.473128 0.522149 0.530275
11 -29.117725 -7.370602 2.781705 -0.471507 -0.473128 0.522149 0.530275
12 -29.263241 -7.371404 2.781705 -0.471507 -0.473128 0.522149 0.530275
13 -29.421482 -7.372277 2.781705 -0.471507 -0.473128 0.522149 0.530275
14 -29.592461 -7.373219 2.781705 -0.471507 -0.473128 0.522149 0.530275
15 -29.776190 -7.374232 2.781705 -0.471507 -0.473128 0.522149 0.530275
16 -29.972672 -7.375316 2.781705 -0.471507 -0.473128 0.522149 0.530275
17 -30.181923 -7.376470 2.781705 -0.471507 -0.473128 0.522149 0.530275
18 -30.403950 -7.377694 2.781705 -0.471507 -0.473128 0.522149 0.530275
19 -30.638763 -7.378989 2.781705 -0.471507 -0.473128 0.522149 0.530275
20 -30.886374 -7.380354 2.781705 -0.471507 -0.473128 0.522149 0.530275
21 -31.146786 -7.381790 2.781705 -0.471507 -0.473128 0.522149 0.530275
22 -31.420004 -7.383296 2.781705 -0.471507 -0.473128 0.522149 0.530275
23 -31.706047 -7.384873 2.781705 -0.471507 -0.473128 0.522149 0.530275
24 -32.004913 -7.386522 2.781705 -0.471507 -0.473128 0.522149 0.530275
25 -32.316620 -7.388241 2.781705 -0.471507 -0.473128 0.522149 0.530275
26 -32.641167 -7.390030 2.781705 -0.471507 -0.473128 0.522149 0.530275
27 -32.978558 -7.391891 2.781705 -0.471507 -0.473128 0.522149 0.530275
28 -33.328800 -7.393822 2.781705 -0.471507 -0.473128 0.522149 0.530275
29 -33.691910 -7.395824 2.781705 -0.471507 -0.473128 0.522149 0.530275
30 -34.067886 -7.397897 2.781705 -0.471507 -0.473128 0.522149 0.530275
31 -34.456730 -7.400041 2.781705 -0.471507 -0.473128 0.522149 0.530275
32 -34.858452 -7.402256 2.781705 -0.471507 -0.473128 0.522149 0.530275
33 -35.273060 -7.404542 2.781705 -0.471507 -0.473128 0.522149 0.530275
34 -35.700546 -7.406900 2.781705 -0.471507 -0.473128 0.522149 0.530275
35 -36.140926 -7.409328 2.781705 -0.471507 -0.473128 0.522149 0.530275
36 -36.594204 -7.411828 2.781705 -0.471507 -0.473128 0.522149 0.530275
37 -37.060379 -7.414398 2.781705 -0.471507 -0.473128 0.522149 0.530275
38 -37.539448 -7.417040 2.781705 -0.471507 -0.473128 0.522149 0.530275
39 -38.031422 -7.419753 2.781705 -0.471507 -0.473128 0.522149 0.530275
40 -38.536301 -7.422536 2.781705 -0.471507 -0.473128 0.522149 0.530275
41 -39.054092 -7.425392 2.781705 -0.471507 -0.473128 0.522149 0.530275
42 -39.584782 -7.428318 2.781705 -0.471507 -0.473128 0.522149 0.530275
43 -40.128395 -7.431315 2.781705 -0.471507 -0.473128 0.522149 0.530275
44 -40.684906 -7.434383 2.781705 -0.471507 -0.473128 0.522149 0.530275
45 -41.254330 -7.437524 2.781705 -0.471507 -0.473128 0.522149 0.530275
46 -41.836662 -7.440734 2.781705 -0.471507 -0.473128 0.522149 0.530275
47 -42.431908 -7.444017 2.781705 -0.471507 -0.473128 0.522149 0.530275
48 -43.040066 -7.447371 2.781705 -0.471507 -0.473128 0.522149 0.530275
49 -43.661121 -7.450795 2.781705 -0.471507 -0.473128 0.522149 0.530275
50 -44.295090 -7.454290 2.781705 -0.471507 -0.473128 0.522149 0.530275
51 -44.941963 -7.457857 2.781705 -0.471507 -0.473128 0.522149 0.530275
52 -45.601734 -7.461495 2.781705 -0.471507 -0.473128 0.522149 0.530275
53 -46.274410 -7.465205 2.781705 -0.471507 -0.473128 0.522149 0.530275
54 -46.959972 -7.468985 2.781705 -0.471507 -0.473128 0.522149 0.530275
55 -47.658428 -7.472836 2.781705 -0.471507 -0.473128 0.522149 0.530275
56 -48.369774 -7.476758 2.781705 -0.471507 -0.473128 0.522149 0.530275
57 -49.094002 -7.480752 2.781705 -0.471507 -0.473128 0.522149 0.530275
58 -49.831089 -7.484817 2.781705 -0.471507 -0.473128 0.522149 0.530275
59 -50.581062 -7.488952 2.781705 -0.471507 -0.473128 0.522149 0.530275
60 -51.343899 -7.493158 2.781705 -0.471507 -0.473128 0.522149 0.530275
61 -52.119595 -7.497435 2.781705 -0.471507 -0.473128 0.522149 0.530275
62 -52.908134 -7.501783 2.781705 -0.471507 -0.473128 0.522149 0.530275
63 -53.709522 -7.506202 2.781705 -0.471507 -0.473128 0.522149 0.530275
64 -54.523735 -7.510692 2.781705 -0.471507 -0.473128 0.522149 0.530275
65 -55.350792 -7.515252 2.781705 -0.471507 -0.473128 0.522149 0.530275
66 -56.190647 -7.519883 2.781705 -0.471507 -0.473128 0.522149 0.530275
67 -57.043320 -7.524585 2.781705 -0.471507 -0.473128 0.522149 0.530275
68 -57.908783 -7.529357 2.781705 -0.471507 -0.473128 0.522149 0.530275
69 -58.787037 -7.534200 2.781705 -0.471507 -0.473128 0.522149 0.530275
70 -59.678074 -7.539113 2.781705 -0.471507 -0.473128 0.522149 0.530275
71 -60.581863 -7.544097 2.781705 -0.471507 -0.473128 0.522149 0.530275
72 -61.498405 -7.549150 2.781705 -0.471507 -0.473128 0.522149 0.530275
73 -62.427696 -7.554275 2.781705 -0.471507 -0.473128 0.522149 0.530275
74 -63.369713 -7.559469 2.781705 -0.471507 -0.473128 0.522149 0.530275
75 -64.324425 -7.564733 2.781705 -0.471507 -0.473128 0.522149 0.530275
76 -65.291847 -7.570067 2.781705 -0.471507 -0.473128 0.522149 0.530275
77 -66.271957 -7.574553 2.781705 -0.472436 -0.472201 0.521106 0.531300
78 -67.264732 -7.572755 2.781705 -0.473903 -0.470728 0.519449 0.532920
79 -68.270149 -7.565954 2.781705 -0.474838 -0.469785 0.518389 0.533951
80 -69.288170 -7.555668 2.781705 -0.475500 -0.469115 0.517636 0.534681
81 -70.318779 -7.542728 2.781705 -0.476001 -0.468607 0.517064 0.535234
82 -71.361961 -7.527647 2.781705 -0.476397 -0.468204 0.516611 0.535672
83 -72.417702 -7.510772 2.781705 -0.476721 -0.467874 0.516240 0.536029
84 -73.485970 -7.492340 2.781705 -0.476993 -0.467597 0.515929 0.536329
85 -74.566772 -7.472641 2.781705 -0.477128 -0.467458 0.515773 0.536479
86 -75.660088 -7.452528 2.781705 -0.477128 -0.467458 0.515773 0.536479
87 -76.765900 -7.432186 2.781705 -0.477128 -0.467458 0.515773 0.536479
88 -77.884201 -7.411614 2.781705 -0.477128 -0.467458 0.515773 0.536479
89 -79.014938 -7.390813 2.781705 -0.477128 -0.467458 0.515773 0.536479
90 -80.158142 -7.369783 2.781705 -0.477129 -0.467458 0.515773 0.536479
91 -81.313736 -7.348524 2.781705 -0.477128 -0.467458 0.515773 0.536479
92 -82.481720 -7.327038 2.781705 -0.477128 -0.467458 0.515773 0.536479
93 -83.662079 -7.305324 2.781705 -0.477128 -0.467458 0.515773 0.536479
94 -84.854774 -7.283383 2.781705 -0.477128 -0.467458 0.515773 0.536479
95 -86.059769 -7.261216 2.781705 -0.477128 -0.467458 0.515773 0.536479
96 -87.277069 -7.238822 2.781705 -0.477129 -0.467458 0.515773 0.536479
97 -88.506622 -7.216204 2.781705 -0.477128 -0.467458 0.515773 0.536479
98 -89.748421 -7.193360 2.781705 -0.477128 -0.467459 0.515773 0.536479
99 -91.002411 -7.170291 2.781705 -0.477128 -0.467459 0.515773 0.536479
100 -92.268585 -7.146998 2.781705 -0.477128 -0.467459 0.515773 0.536479
101 -93.546898 -7.123483 2.781705 -0.477128 -0.467459 0.515773 0.536479
102 -94.837334 -7.099744 2.781705 -0.477128 -0.467459 0.515773 0.536478
103 -96.139847 -7.075783 2.781705 -0.477129 -0.467458 0.515773 0.536479
104 -97.454414 -7.051600 2.781705 -0.477128 -0.467458 0.515773 0.536479
105 -98.781044 -7.027196 2.781705 -0.477128 -0.467459 0.515773 0.536479
106 -100.119629 -7.002571 2.781705 -0.477128 -0.467458 0.515773 0.536479
107 -101.470177 -6.977726 2.781705 -0.477128 -0.467459 0.515773 0.536479
108 -102.832642 -6.952662 2.781705 -0.477128 -0.467459 0.515773 0.536479
109 -104.206985 -6.927380 2.781705 -0.477128 -0.467458 0.515773 0.536479
110 -105.593201 -6.901879 2.781705 -0.477128 -0.467459 0.515773 0.536479
111 -106.991226 -6.876161 2.781705 -0.477128 -0.467459 0.515773 0.536479
112 -108.401039 -6.850277 2.781705 -0.476656 -0.467941 0.516315 0.535957
113 -109.815903 -6.952147 2.781705 -0.424823 -0.515455 0.569796 0.478711
114 -111.158508 -7.436057 2.781705 -0.339167 -0.575443 0.637528 0.383913
115 -112.282379 -8.333617 2.781705 -0.241328 -0.622840 0.691361 0.275410
116 -113.103928 -9.531496 2.781705 -0.159712 -0.648584 0.720900 0.184754
117 -113.656631 -10.889654 2.781705 -0.101695 -0.660172 0.734421 0.120239
118 -114.006485 -12.326641 2.781705 -0.061409 -0.665130 0.740368 0.075409
119 -114.208984 -13.803730 2.781705 -0.032489 -0.667168 0.742943 0.043210
120 -114.301010 -15.303502 2.781705 -0.010901 -0.667870 0.743951 0.019165
121 -114.315094 -16.817665 2.781705 -0.000996 -0.667958 0.744154 0.008134
122 -114.316467 -18.343349 2.781705 -0.000995 -0.667958 0.744154 0.008133
123 -114.317871 -19.880337 2.781705 -0.000996 -0.667958 0.744154 0.008133
124 -114.319267 -21.428614 2.781705 -0.000996 -0.667958 0.744154 0.008133
125 -114.320679 -22.988125 2.781705 -0.000997 -0.667958 0.744154 0.008134
126 -114.322098 -24.558802 2.781705 -0.000998 -0.667958 0.744154 0.008135
127 -114.323532 -26.140648 2.781705 -0.000998 -0.667958 0.744154 0.008136
128 -114.324966 -27.733559 2.781705 -0.000998 -0.667958 0.744154 0.008135
129 -114.326416 -29.337543 2.781705 -0.000995 -0.667958 0.744154 0.008133
130 -114.327888 -30.952496 2.781705 -0.000996 -0.667958 0.744154 0.008133
131 -114.329361 -32.578434 2.781705 -0.000998 -0.667958 0.744154 0.008136
132 -114.330841 -34.215237 2.781705 -0.000997 -0.667958 0.744154 0.008134
133 -114.332321 -35.862877 2.781705 -0.000998 -0.667958 0.744154 0.008135
134 -114.333832 -37.521290 2.781705 -0.000996 -0.667958 0.744154 0.008133
135 -114.335342 -39.190479 2.781705 -0.000999 -0.667958 0.744154 0.008136
136 -114.336868 -40.870308 2.781705 -0.000996 -0.667958 0.744154 0.008133
137 -114.338394 -42.560776 2.781705 -0.000996 -0.667958 0.744154 0.008134
138 -114.339920 -44.261822 2.781705 -0.000998 -0.667958 0.744154 0.008135
139 -114.341476 -45.973358 2.781705 -0.000998 -0.667958 0.744154 0.008135
140 -114.343033 -47.695366 2.781705 -0.000998 -0.667958 0.744154 0.008135
141 -114.344604 -49.427742 2.781705 -0.000998 -0.667958 0.744154 0.008135
142 -114.346176 -51.170460 2.781705 -0.000998 -0.667958 0.744154 0.008136
143 -114.347763 -52.923428 2.781705 -0.000996 -0.667958 0.744154 0.008133
144 -114.349365 -54.686646 2.781705 -0.000996 -0.667958 0.744154 0.008133
145 -114.350967 -56.459999 2.781705 -0.000997 -0.667958 0.744154 0.008135
146 -114.352585 -58.243446 2.781705 -0.000997 -0.667958 0.744154 0.008134
147 -114.354202 -60.036934 2.781705 -0.000994 -0.667958 0.744154 0.008131
148 -114.355843 -61.840378 2.781705 -0.000996 -0.667958 0.744154 0.008133
149 -114.357468 -63.653732 2.781705 -0.000998 -0.667958 0.744154 0.008136
150 -114.359131 -65.476860 2.781705 -0.000996 -0.667958 0.744154 0.008133
151 -114.360794 -67.309814 2.781705 -0.000996 -0.667958 0.744154 0.008133
152 -114.362450 -69.152451 2.781705 -0.000998 -0.667958 0.744154 0.008135
153 -114.364136 -71.004738 2.781705 -0.000998 -0.667958 0.744154 0.008136
154 -114.367455 -72.866531 2.781705 -0.004232 -0.667945 0.744106 0.011737
155 -114.455933 -74.735229 2.781705 -0.030468 -0.667264 0.743070 0.040960
156 -114.722710 -76.595909 2.781705 -0.068496 -0.664438 0.739522 0.083297
157 -115.252525 -78.407608 2.781705 -0.126460 -0.655879 0.729377 0.147784
158 -116.172165 -80.062248 2.781705 -0.216020 -0.632064 0.701903 0.247311
159 -117.589203 -81.322266 2.781705 -0.333280 -0.578873 0.641411 0.377390
160 -119.389511 -81.949226 2.781705 -0.433936 -0.507808 0.561179 0.488784
161 -121.311890 -82.034943 2.781705 -0.472281 -0.472355 0.521279 0.531130
162 -123.247688 -82.039261 2.781705 -0.472285 -0.472352 0.521275 0.531134
163 -125.192337 -82.043594 2.781705 -0.472283 -0.472353 0.521277 0.531132
164 -127.145882 -82.047943 2.781705 -0.472284 -0.472353 0.521277 0.531133
165 -129.108185 -82.052315 2.781705 -0.472282 -0.472355 0.521279 0.531130
166 -131.079132 -82.056702 2.781705 -0.472286 -0.472351 0.521274 0.531135
167 -133.058731 -82.061111 2.781705 -0.472283 -0.472353 0.521277 0.531132
168 -135.046783 -82.065544 2.781705 -0.472284 -0.472353 0.521276 0.531133
169 -137.043365 -82.069992 2.781705 -0.472282 -0.472354 0.521278 0.531131
170 -139.048294 -82.074448 2.781705 -0.472281 -0.472355 0.521279 0.531130
171 -141.061508 -82.078934 2.781705 -0.472282 -0.472354 0.521278 0.531131
172 -143.082916 -82.083427 2.781705 -0.472284 -0.472353 0.521277 0.531132
173 -145.112457 -82.087952 2.781705 -0.472284 -0.472353 0.521276 0.531133
174 -147.150055 -82.092484 2.781705 -0.472280 -0.472356 0.521281 0.531128
175 -149.195587 -82.097046 2.781705 -0.472285 -0.472351 0.521275 0.531134
176 -151.248917 -82.101624 2.781705 -0.472283 -0.472353 0.521277 0.531132
177 -153.310104 -82.106216 2.781705 -0.472282 -0.472354 0.521278 0.531131
178 -155.378922 -82.110817 2.781705 -0.472285 -0.472352 0.521275 0.531134
179 -157.455276 -82.107506 2.781705 -0.479942 -0.464569 0.512523 0.539584
180 -159.518661 -81.845154 2.781705 -0.526681 -0.410823 0.452154 0.591090
181 -161.414261 -80.995209 2.781705 -0.596771 -0.300055 0.328013 0.668011
182 -162.693787 -79.364861 2.781705 -0.654766 -0.132101 0.140287 0.730856
183 -163.096283 -77.310631 2.781705 -0.667913 -0.007831 0.001702 0.744196
184 -163.103409 -75.197426 2.781705 -0.667959 0.000019 -0.007045 0.744165
185 -163.107727 -73.077133 2.781705 -0.667959 0.000017 -0.007043 0.744165
186 -163.112045 -70.949844 2.781705 -0.667959 0.000018 -0.007043 0.744165
187 -163.116425 -68.815689 2.781705 -0.667959 0.000014 -0.007039 0.744165
188 -163.120758 -66.674667 2.781705 -0.667959 0.000016 -0.007042 0.744165
189 -163.125137 -64.526993 2.781705 -0.667959 0.000019 -0.007044 0.744165
190 -163.129547 -62.372742 2.781705 -0.667959 0.000014 -0.007039 0.744165
191 -163.133926 -60.211975 2.781705 -0.667959 0.000014 -0.007039 0.744165
192 -163.138351 -58.044720 2.781705 -0.667959 0.000014 -0.007039 0.744165
193 -163.142776 -55.871181 2.781705 -0.667959 0.000007 -0.007031 0.744165
194 -163.147217 -53.691406 2.781705 -0.667959 0.000016 -0.007041 0.744165
195 -163.151672 -51.505543 2.781705 -0.667959 0.000010 -0.007035 0.744165
196 -163.156128 -49.313580 2.781705 -0.667959 0.000014 -0.007039 0.744165
197 -163.160614 -47.115704 2.781705 -0.667959 0.000018 -0.007044 0.744165
198 -163.165115 -44.911880 2.781705 -0.667959 0.000010 -0.007034 0.744165
199 -163.169586 -42.702408 2.781705 -0.667959 0.000014 -0.007039 0.744165
200 -163.174118 -40.487293 2.781705 -0.667959 0.000014 -0.007039 0.744165
201 -163.178635 -38.266632 2.781705 -0.667959 0.000012 -0.007037 0.744165
202 -163.183167 -36.040527 2.781705 -0.667959 0.000010 -0.007034 0.744165
203 -163.187714 -33.809044 2.781705 -0.667959 0.000012 -0.007037 0.744165
204 -163.192291 -31.572384 2.781705 -0.667959 0.000014 -0.007039 0.744165
205 -163.196854 -29.330626 2.781705 -0.667959 0.000014 -0.007039 0.744165
206 -163.201447 -27.083801 2.781705 -0.667959 0.000010 -0.007034 0.744165
207 -163.206024 -24.832087 2.781705 -0.667959 0.000014 -0.007039 0.744165
208 -163.210617 -22.575464 2.781705 -0.667959 0.000012 -0.007037 0.744165
209 -163.215210 -20.314169 2.781705 -0.667959 0.000012 -0.007036 0.744165
210 -163.219833 -18.048306 2.781705 -0.667959 0.000010 -0.007035 0.744165
211 -163.224457 -15.777962 2.781705 -0.667959 0.000014 -0.007039 0.744165
212 -163.229095 -13.503204 2.781705 -0.667959 0.000015 -0.007041 0.744165
213 -163.233765 -11.224180 2.781705 -0.667959 0.000020 -0.007046 0.744165
214 -163.238403 -8.940933 2.781705 -0.667959 0.000014 -0.007039 0.744165
215 -163.243073 -6.653634 2.781705 -0.667959 0.000014 -0.007039 0.744165
216 -163.247711 -4.362412 2.781705 -0.667959 0.000013 -0.007038 0.744165
217 -163.252411 -2.067289 2.781705 -0.667959 0.000013 -0.007038 0.744165
218 -163.257080 0.231564 2.781705 -0.667959 0.000016 -0.007042 0.744165
219 -163.261795 2.534062 2.781705 -0.667959 0.000014 -0.007039 0.744165
220 -163.266479 4.840064 2.781705 -0.667959 0.000010 -0.007035 0.744165
221 -163.271179 7.149527 2.781705 -0.667959 0.000011 -0.007036 0.744165
222 -163.275909 9.462229 2.781705 -0.667959 0.000014 -0.007039 0.744165
223 -163.280609 11.778165 2.781705 -0.667959 0.000014 -0.007039 0.744165
224 -163.285339 14.097148 2.781705 -0.667959 0.000008 -0.007033 0.744165
225 -163.290070 16.419111 2.781705 -0.667959 0.000014 -0.007039 0.744165
226 -163.294800 18.743927 2.781705 -0.667959 0.000014 -0.007039 0.744165
227 -163.299561 21.071491 2.781705 -0.667959 0.000014 -0.007039 0.744165
228 -163.304291 23.401627 2.781705 -0.667959 0.000011 -0.007035 0.744165
229 -163.309052 25.734352 2.781705 -0.667959 0.000011 -0.007036 0.744165
230 -163.313812 28.069530 2.781705 -0.667959 0.000015 -0.007041 0.744165
231 -163.318573 30.406866 2.781705 -0.667959 0.000014 -0.007040 0.744165
232 -163.323349 32.746433 2.781705 -0.667959 0.000017 -0.007043 0.744165
233 -163.328110 35.088058 2.781705 -0.667959 0.000023 -0.007049 0.744165
234 -163.332886 37.431419 2.781705 -0.667959 0.000010 -0.007034 0.744165
235 -163.337677 39.776630 2.781705 -0.667959 0.000012 -0.007037 0.744165
236 -163.342438 42.123623 2.781705 -0.667959 0.000019 -0.007044 0.744165
237 -163.347244 44.472168 2.781705 -0.667959 0.000020 -0.007046 0.744165
238 -163.352020 46.822189 2.781705 -0.667959 0.000014 -0.007039 0.744165
239 -163.356796 49.173592 2.781705 -0.667959 0.000010 -0.007034 0.744165
240 -163.361603 51.526333 2.781705 -0.667959 0.000014 -0.007039 0.744165
241 -163.366394 53.880161 2.781705 -0.667959 0.000021 -0.007047 0.744165
242 -163.371185 56.235085 2.781705 -0.667959 0.000014 -0.007039 0.744165
243 -163.375992 58.590908 2.781705 -0.667959 0.000019 -0.007044 0.744165
244 -163.380798 60.947548 2.781705 -0.667959 0.000014 -0.007039 0.744165
245 -163.385605 63.304901 2.781705 -0.667959 0.000019 -0.007045 0.744165
246 -163.390381 65.662773 2.781705 -0.667959 0.000012 -0.007037 0.744165
247 -163.395203 68.021149 2.781705 -0.667959 0.000016 -0.007042 0.744165
248 -163.399994 70.379898 2.781705 -0.667959 0.000014 -0.007039 0.744165
249 -163.403473 72.738838 2.781705 -0.667943 0.004643 -0.012196 0.744098
250 -163.004517 75.050316 2.781705 -0.655894 0.126380 -0.147695 0.729395