1 -28.358231 -7.366414 2.781705 -0.471507 -0.473128 0.522149 0.530275
2 -28.372250 -7.366491 2.781705 -0.471507 -0.473128 0.522149 0.530275
3 -28.397663 -7.366631 2.781705 -0.471507 -0.473128 0.522149 0.530275
4 -28.438852 -7.366858 2.781705 -0.471507 -0.473128 0.522149 0.530275
5 -28.504669 -7.367221 2.781705 -0.471507 -0.473128 0.522149 0.530275
6 -28.580656 -7.367640 2.781705 -0.471507 -0.473128 0.522149 0.530275
7 -28.662710 -7.368093 2.781705 -0.471507 -0.473128 0.522149 0.530275
8 -28.757423 -7.368615 2.781705 -0.471507 -0.473128 0.522149 0.530275
9 -28.864826 -7.369207 2.781705 -0.471507 -0.473128 0.522149 0.530275
10 -28.984924 -7.369869 2.781705 -0.471507 -0.473128 0.522149 0.530275
11 -29.117725 -7.370602 2.781705 -0.471507 -0.473128 0.522149 0.530275
12 -29.263241 -7.371404 2.781705 -0.471507 -0.473128 0.522149 0.530275
13 -29.421482 -7.372277 2.781705 -0.471507 -0.473128 0.522149 0.530275
14 -29.592461 -7.373219 2.781705 -0.471507 -0.473128 0.522149 0.530275
15 -29.776190 -7.374232 2.781705 -0.471507 -0.473128 0.522149 0.530275
16 -29.972672 -7.375316 2.781705 -0.471507 -0.473128 0.522149 0.530275
17 -30.181923 -7.376470 2.781705 -0.471507 -0.473128 0.522149 0.530275
18 -30.403950 -7.377694 2.781705 -0.471507 -0.473128 0.522149 0.530275
19 -30.638763 -7.378989 2.781705 -0.471507 -0.473128 0.522149 0.530275
20 -30.886374 -7.380354 2.781705 -0.471507 -0.473128 0.522149 0.530275
21 -31.146786 -7.381790 2.781705 -0.471507 -0.473128 0.522149 0.530275
22 -31.420004 -7.383296 2.781705 -0.471507 -0.473128 0.522149 0.530275
23 -31.706047 -7.384873 2.781705 -0.471507 -0.473128 0.522149 0.530275
24 -32.004913 -7.386522 2.781705 -0.471507 -0.473128 0.522149 0.530275
25 -32.316620 -7.388241 2.781705 -0.471507 -0.473128 0.522149 0.530275
26 -32.641167 -7.390030 2.781705 -0.471507 -0.473128 0.522149 0.530275
27 -32.978558 -7.391891 2.781705 -0.471507 -0.473128 0.522149 0.530275
28 -33.328800 -7.393822 2.781705 -0.471507 -0.473128 0.522149 0.530275
29 -33.691910 -7.395824 2.781705 -0.471507 -0.473128 0.522149 0.530275
30 -34.067886 -7.397897 2.781705 -0.471507 -0.473128 0.522149 0.530275
31 -34.456730 -7.400041 2.781705 -0.471507 -0.473128 0.522149 0.530275
32 -34.858452 -7.402256 2.781705 -0.471507 -0.473128 0.522149 0.530275
33 -35.273060 -7.404542 2.781705 -0.471507 -0.473128 0.522149 0.530275
34 -35.700546 -7.406900 2.781705 -0.471507 -0.473128 0.522149 0.530275
35 -36.140926 -7.409328 2.781705 -0.471507 -0.473128 0.522149 0.530275
36 -36.594204 -7.411828 2.781705 -0.471507 -0.473128 0.522149 0.530275
37 -37.060379 -7.414398 2.781705 -0.471507 -0.473128 0.522149 0.530275
38 -37.539448 -7.417040 2.781705 -0.471507 -0.473128 0.522149 0.530275
39 -38.031422 -7.419753 2.781705 -0.471507 -0.473128 0.522149 0.530275
40 -38.536301 -7.422536 2.781705 -0.471507 -0.473128 0.522149 0.530275
41 -39.054092 -7.425392 2.781705 -0.471507 -0.473128 0.522149 0.530275
42 -39.584782 -7.428318 2.781705 -0.471507 -0.473128 0.522149 0.530275
43 -40.128395 -7.431315 2.781705 -0.471507 -0.473128 0.522149 0.530275
44 -40.684906 -7.434383 2.781705 -0.471507 -0.473128 0.522149 0.530275
45 -41.254330 -7.437524 2.781705 -0.471507 -0.473128 0.522149 0.530275
46 -41.836662 -7.440734 2.781705 -0.471507 -0.473128 0.522149 0.530275
47 -42.431908 -7.444017 2.781705 -0.471507 -0.473128 0.522149 0.530275
48 -43.040066 -7.447371 2.781705 -0.471507 -0.473128 0.522149 0.530275
49 -43.661121 -7.450795 2.781705 -0.471507 -0.473128 0.522149 0.530275
50 -44.295090 -7.454290 2.781705 -0.471507 -0.473128 0.522149 0.530275
51 -44.941963 -7.457857 2.781705 -0.471507 -0.473128 0.522149 0.530275
52 -45.601734 -7.461495 2.781705 -0.471507 -0.473128 0.522149 0.530275
53 -46.274410 -7.465205 2.781705 -0.471507 -0.473128 0.522149 0.530275
54 -46.959972 -7.468985 2.781705 -0.471507 -0.473128 0.522149 0.530275
55 -47.658428 -7.472836 2.781705 -0.471507 -0.473128 0.522149 0.530275
56 -48.369774 -7.476758 2.781705 -0.471507 -0.473128 0.522149 0.530275
57 -49.094002 -7.480752 2.781705 -0.471507 -0.473128 0.522149 0.530275
58 -49.831089 -7.484817 2.781705 -0.471507 -0.473128 0.522149 0.530275
59 -50.581062 -7.488952 2.781705 -0.471507 -0.473128 0.522149 0.530275
60 -51.343899 -7.493158 2.781705 -0.471507 -0.473128 0.522149 0.530275
61 -52.119595 -7.497435 2.781705 -0.471507 -0.473128 0.522149 0.530275
62 -52.908134 -7.501783 2.781705 -0.471507 -0.473128 0.522149 0.530275
63 -53.709522 -7.506202 2.781705 -0.471507 -0.473128 0.522149 0.530275
64 -54.523735 -7.510692 2.781705 -0.471507 -0.473128 0.522149 0.530275
65 -55.350792 -7.515252 2.781705 -0.471507 -0.473128 0.522149 0.530275
66 -56.190647 -7.519883 2.781705 -0.471507 -0.473128 0.522149 0.530275
67 -57.043320 -7.524585 2.781705 -0.471507 -0.473128 0.522149 0.530275
68 -57.908783 -7.529357 2.781705 -0.471507 -0.473128 0.522149 0.530275
69 -58.787037 -7.534200 2.781705 -0.471507 -0.473128 0.522149 0.530275
70 -59.678074 -7.539113 2.781705 -0.471507 -0.473128 0.522149 0.530275
71 -60.581863 -7.544097 2.781705 -0.471507 -0.473128 0.522149 0.530275
72 -61.498405 -7.549150 2.781705 -0.471507 -0.473128 0.522149 0.530275
73 -62.427696 -7.554275 2.781705 -0.471507 -0.473128 0.522149 0.530275
74 -63.369713 -7.559469 2.781705 -0.471507 -0.473128 0.522149 0.530275
75 -64.324425 -7.564733 2.781705 -0.471507 -0.473128 0.522149 0.530275
76 -65.291847 -7.570067 2.781705 -0.471507 -0.473128 0.522149 0.530275
77 -66.271957 -7.574553 2.781705 -0.472436 -0.472201 0.521106 0.531300
78 -67.264732 -7.572755 2.781705 -0.473903 -0.470728 0.519449 0.532920
79 -68.270149 -7.565954 2.781705 -0.474838 -0.469785 0.518389 0.533951
80 -69.288170 -7.555668 2.781705 -0.475500 -0.469115 0.517636 0.534681
81 -70.318779 -7.542728 2.781705 -0.476001 -0.468607 0.517064 0.535234
82 -71.361961 -7.527647 2.781705 -0.476397 -0.468204 0.516611 0.535672
83 -72.417702 -7.510772 2.781705 -0.476721 -0.467874 0.516240 0.536029
84 -73.485970 -7.492340 2.781705 -0.476993 -0.467597 0.515929 0.536329
85 -74.566772 -7.472641 2.781705 -0.477128 -0.467458 0.515773 0.536479
86 -75.660088 -7.452528 2.781705 -0.477128 -0.467458 0.515773 0.536479
87 -76.765900 -7.432186 2.781705 -0.477128 -0.467458 0.515773 0.536479
88 -77.884201 -7.411614 2.781705 -0.477128 -0.467458 0.515773 0.536479
89 -79.014938 -7.390813 2.781705 -0.477128 -0.467458 0.515773 0.536479
90 -80.158142 -7.369783 2.781705 -0.477129 -0.467458 0.515773 0.536479
91 -81.313736 -7.348524 2.781705 -0.477128 -0.467458 0.515773 0.536479
92 -82.481720 -7.327038 2.781705 -0.477128 -0.467458 0.515773 0.536479
93 -83.662079 -7.305324 2.781705 -0.477128 -0.467458 0.515773 0.536479
94 -84.854774 -7.283383 2.781705 -0.477128 -0.467458 0.515773 0.536479
95 -86.059769 -7.261216 2.781705 -0.477128 -0.467458 0.515773 0.536479
96 -87.277069 -7.238822 2.781705 -0.477129 -0.467458 0.515773 0.536479
97 -88.506622 -7.216204 2.781705 -0.477128 -0.467458 0.515773 0.536479
98 -89.748421 -7.193360 2.781705 -0.477128 -0.467459 0.515773 0.536479
99 -91.002411 -7.170291 2.781705 -0.477128 -0.467459 0.515773 0.536479
100 -92.268585 -7.146998 2.781705 -0.477128 -0.467459 0.515773 0.536479
101 -93.546898 -7.123483 2.781705 -0.477128 -0.467459 0.515773 0.536479
102 -94.837334 -7.099744 2.781705 -0.477128 -0.467459 0.515773 0.536478
103 -96.139847 -7.075783 2.781705 -0.477129 -0.467458 0.515773 0.536479
104 -97.454414 -7.051600 2.781705 -0.477128 -0.467458 0.515773 0.536479
105 -98.781044 -7.027196 2.781705 -0.477128 -0.467459 0.515773 0.536479
106 -100.119629 -7.002571 2.781705 -0.477128 -0.467458 0.515773 0.536479
107 -101.470177 -6.977726 2.781705 -0.477128 -0.467459 0.515773 0.536479
108 -102.832642 -6.952662 2.781705 -0.477128 -0.467459 0.515773 0.536479
109 -104.206985 -6.927380 2.781705 -0.477128 -0.467458 0.515773 0.536479
110 -105.593201 -6.901879 2.781705 -0.477128 -0.467459 0.515773 0.536479
111 -106.991226 -6.876161 2.781705 -0.477128 -0.467459 0.515773 0.536479
112 -108.401039 -6.850277 2.781705 -0.476656 -0.467941 0.516315 0.535957
113 -109.815903 -6.952147 2.781705 -0.424823 -0.515455 0.569796 0.478711
114 -111.158508 -7.436057 2.781705 -0.339167 -0.575443 0.637528 0.383913
115 -112.282379 -8.333617 2.781705 -0.241328 -0.622840 0.691361 0.275410
116 -113.103928 -9.531496 2.781705 -0.159712 -0.648584 0.720900 0.184754
117 -113.656631 -10.889654 2.781705 -0.101695 -0.660172 0.734421 0.120239
118 -114.006485 -12.326641 2.781705 -0.061409 -0.665130 0.740368 0.075409
119 -114.208984 -13.803730 2.781705 -0.032489 -0.667168 0.742943 0.043210
120 -114.301010 -15.303502 2.781705 -0.010901 -0.667870 0.743951 0.019165
121 -114.315094 -16.817665 2.781705 -0.000996 -0.667958 0.744154 0.008134
122 -114.316467 -18.343349 2.781705 -0.000995 -0.667958 0.744154 0.008133
123 -114.317871 -19.880337 2.781705 -0.000996 -0.667958 0.744154 0.008133
124 -114.319267 -21.428614 2.781705 -0.000996 -0.667958 0.744154 0.008133
125 -114.320679 -22.988125 2.781705 -0.000997 -0.667958 0.744154 0.008134
126 -114.322098 -24.558802 2.781705 -0.000998 -0.667958 0.744154 0.008135
127 -114.323532 -26.140648 2.781705 -0.000998 -0.667958 0.744154 0.008136
128 -114.324966 -27.733559 2.781705 -0.000998 -0.667958 0.744154 0.008135
129 -114.326416 -29.337543 2.781705 -0.000995 -0.667958 0.744154 0.008133
130 -114.327888 -30.952496 2.781705 -0.000996 -0.667958 0.744154 0.008133
131 -114.329361 -32.578434 2.781705 -0.000998 -0.667958 0.744154 0.008136
132 -114.330841 -34.215237 2.781705 -0.000997 -0.667958 0.744154 0.008134
133 -114.332321 -35.862877 2.781705 -0.000998 -0.667958 0.744154 0.008135
134 -114.333832 -37.521290 2.781705 -0.000996 -0.667958 0.744154 0.008133
135 -114.335342 -39.190479 2.781705 -0.000999 -0.667958 0.744154 0.008136
136 -114.336868 -40.870308 2.781705 -0.000996 -0.667958 0.744154 0.008133
137 -114.338394 -42.560776 2.781705 -0.000996 -0.667958 0.744154 0.008134
138 -114.339920 -44.261822 2.781705 -0.000998 -0.667958 0.744154 0.008135
139 -114.341476 -45.973358 2.781705 -0.000998 -0.667958 0.744154 0.008135
140 -114.343033 -47.695366 2.781705 -0.000998 -0.667958 0.744154 0.008135
141 -114.344604 -49.427742 2.781705 -0.000998 -0.667958 0.744154 0.008135
142 -114.346176 -51.170460 2.781705 -0.000998 -0.667958 0.744154 0.008136
143 -114.347763 -52.923428 2.781705 -0.000996 -0.667958 0.744154 0.008133
144 -114.349365 -54.686646 2.781705 -0.000996 -0.667958 0.744154 0.008133
145 -114.350967 -56.459999 2.781705 -0.000997 -0.667958 0.744154 0.008135
146 -114.352585 -58.243446 2.781705 -0.000997 -0.667958 0.744154 0.008134
147 -114.354202 -60.036934 2.781705 -0.000994 -0.667958 0.744154 0.008131
148 -114.355843 -61.840378 2.781705 -0.000996 -0.667958 0.744154 0.008133
149 -114.357468 -63.653732 2.781705 -0.000998 -0.667958 0.744154 0.008136
150 -114.359131 -65.476860 2.781705 -0.000996 -0.667958 0.744154 0.008133
151 -114.360794 -67.309814 2.781705 -0.000996 -0.667958 0.744154 0.008133
152 -114.362450 -69.152451 2.781705 -0.000998 -0.667958 0.744154 0.008135
153 -114.364136 -71.004738 2.781705 -0.000998 -0.667958 0.744154 0.008136
154 -114.367455 -72.866531 2.781705 -0.004232 -0.667945 0.744106 0.011737
155 -114.455933 -74.735229 2.781705 -0.030468 -0.667264 0.743070 0.040960
156 -114.722710 -76.595909 2.781705 -0.068496 -0.664438 0.739522 0.083297
157 -115.252525 -78.407608 2.781705 -0.126460 -0.655879 0.729377 0.147784
158 -116.172165 -80.062248 2.781705 -0.216020 -0.632064 0.701903 0.247311
159 -117.589203 -81.322266 2.781705 -0.333280 -0.578873 0.641411 0.377390
160 -119.389511 -81.949226 2.781705 -0.433936 -0.507808 0.561179 0.488784
161 -121.311890 -82.034943 2.781705 -0.472281 -0.472355 0.521279 0.531130
162 -123.247688 -82.039261 2.781705 -0.472285 -0.472352 0.521275 0.531134
163 -125.192337 -82.043594 2.781705 -0.472283 -0.472353 0.521277 0.531132
164 -127.145882 -82.047943 2.781705 -0.472284 -0.472353 0.521277 0.531133
165 -129.108185 -82.052315 2.781705 -0.472282 -0.472355 0.521279 0.531130
166 -131.079132 -82.056702 2.781705 -0.472286 -0.472351 0.521274 0.531135
167 -133.058731 -82.061111 2.781705 -0.472283 -0.472353 0.521277 0.531132
168 -135.046783 -82.065544 2.781705 -0.472284 -0.472353 0.521276 0.531133
169 -137.043365 -82.069992 2.781705 -0.472282 -0.472354 0.521278 0.531131
170 -139.048294 -82.074448 2.781705 -0.472281 -0.472355 0.521279 0.531130
171 -141.061508 -82.078934 2.781705 -0.472282 -0.472354 0.521278 0.531131
172 -143.082916 -82.083427 2.781705 -0.472284 -0.472353 0.521277 0.531132
173 -145.112457 -82.087952 2.781705 -0.472284 -0.472353 0.521276 0.531133
174 -147.150055 -82.092484 2.781705 -0.472280 -0.472356 0.521281 0.531128
175 -149.195587 -82.097046 2.781705 -0.472285 -0.472351 0.521275 0.531134
176 -151.248917 -82.101624 2.781705 -0.472283 -0.472353 0.521277 0.531132
177 -153.310104 -82.106216 2.781705 -0.472282 -0.472354 0.521278 0.531131
178 -155.378922 -82.110817 2.781705 -0.472285 -0.472352 0.521275 0.531134
179 -157.455276 -82.107506 2.781705 -0.479942 -0.464569 0.512523 0.539584
180 -159.518661 -81.845154 2.781705 -0.526681 -0.410823 0.452154 0.591090
181 -161.414261 -80.995209 2.781705 -0.596771 -0.300055 0.328013 0.668011
182 -162.693787 -79.364861 2.781705 -0.654766 -0.132101 0.140287 0.730856
183 -163.096283 -77.310631 2.781705 -0.667913 -0.007831 0.001702 0.744196
184 -163.103409 -75.197426 2.781705 -0.667959 0.000019 -0.007045 0.744165
185 -163.107727 -73.077133 2.781705 -0.667959 0.000017 -0.007043 0.744165
186 -163.112045 -70.949844 2.781705 -0.667959 0.000018 -0.007043 0.744165
187 -163.116425 -68.815689 2.781705 -0.667959 0.000014 -0.007039 0.744165
188 -163.120758 -66.674667 2.781705 -0.667959 0.000016 -0.007042 0.744165
189 -163.125137 -64.526993 2.781705 -0.667959 0.000019 -0.007044 0.744165
190 -163.129547 -62.372742 2.781705 -0.667959 0.000014 -0.007039 0.744165
191 -163.133926 -60.211975 2.781705 -0.667959 0.000014 -0.007039 0.744165
192 -163.138351 -58.044720 2.781705 -0.667959 0.000014 -0.007039 0.744165
193 -163.142776 -55.871181 2.781705 -0.667959 0.000007 -0.007031 0.744165
194 -163.147217 -53.691406 2.781705 -0.667959 0.000016 -0.007041 0.744165
195 -163.151672 -51.505543 2.781705 -0.667959 0.000010 -0.007035 0.744165
196 -163.156128 -49.313580 2.781705 -0.667959 0.000014 -0.007039 0.744165
197 -163.160614 -47.115704 2.781705 -0.667959 0.000018 -0.007044 0.744165
198 -163.165115 -44.911880 2.781705 -0.667959 0.000010 -0.007034 0.744165
199 -163.169586 -42.702408 2.781705 -0.667959 0.000014 -0.007039 0.744165
200 -163.174118 -40.487293 2.781705 -0.667959 0.000014 -0.007039 0.744165
201 -163.178635 -38.266632 2.781705 -0.667959 0.000012 -0.007037 0.744165
202 -163.183167 -36.040527 2.781705 -0.667959 0.000010 -0.007034 0.744165
203 -163.187714 -33.809044 2.781705 -0.667959 0.000012 -0.007037 0.744165
204 -163.192291 -31.572384 2.781705 -0.667959 0.000014 -0.007039 0.744165
205 -163.196854 -29.330626 2.781705 -0.667959 0.000014 -0.007039 0.744165
206 -163.201447 -27.083801 2.781705 -0.667959 0.000010 -0.007034 0.744165
207 -163.206024 -24.832087 2.781705 -0.667959 0.000014 -0.007039 0.744165
208 -163.210617 -22.575464 2.781705 -0.667959 0.000012 -0.007037 0.744165
209 -163.215210 -20.314169 2.781705 -0.667959 0.000012 -0.007036 0.744165
210 -163.219833 -18.048306 2.781705 -0.667959 0.000010 -0.007035 0.744165
211 -163.224457 -15.777962 2.781705 -0.667959 0.000014 -0.007039 0.744165
212 -163.229095 -13.503204 2.781705 -0.667959 0.000015 -0.007041 0.744165
213 -163.233765 -11.224180 2.781705 -0.667959 0.000020 -0.007046 0.744165
214 -163.238403 -8.940933 2.781705 -0.667959 0.000014 -0.007039 0.744165
215 -163.243073 -6.653634 2.781705 -0.667959 0.000014 -0.007039 0.744165
216 -163.247711 -4.362412 2.781705 -0.667959 0.000013 -0.007038 0.744165
217 -163.252411 -2.067289 2.781705 -0.667959 0.000013 -0.007038 0.744165
218 -163.257080 0.231564 2.781705 -0.667959 0.000016 -0.007042 0.744165
219 -163.261795 2.534062 2.781705 -0.667959 0.000014 -0.007039 0.744165
220 -163.266479 4.840064 2.781705 -0.667959 0.000010 -0.007035 0.744165
221 -163.271179 7.149527 2.781705 -0.667959 0.000011 -0.007036 0.744165
222 -163.275909 9.462229 2.781705 -0.667959 0.000014 -0.007039 0.744165
223 -163.280609 11.778165 2.781705 -0.667959 0.000014 -0.007039 0.744165
224 -163.285339 14.097148 2.781705 -0.667959 0.000008 -0.007033 0.744165
225 -163.290070 16.419111 2.781705 -0.667959 0.000014 -0.007039 0.744165
226 -163.294800 18.743927 2.781705 -0.667959 0.000014 -0.007039 0.744165
227 -163.299561 21.071491 2.781705 -0.667959 0.000014 -0.007039 0.744165
228 -163.304291 23.401627 2.781705 -0.667959 0.000011 -0.007035 0.744165
229 -163.309052 25.734352 2.781705 -0.667959 0.000011 -0.007036 0.744165
230 -163.313812 28.069530 2.781705 -0.667959 0.000015 -0.007041 0.744165
231 -163.318573 30.406866 2.781705 -0.667959 0.000014 -0.007040 0.744165
232 -163.323349 32.746433 2.781705 -0.667959 0.000017 -0.007043 0.744165
233 -163.328110 35.088058 2.781705 -0.667959 0.000023 -0.007049 0.744165
234 -163.332886 37.431419 2.781705 -0.667959 0.000010 -0.007034 0.744165
235 -163.337677 39.776630 2.781705 -0.667959 0.000012 -0.007037 0.744165
236 -163.342438 42.123623 2.781705 -0.667959 0.000019 -0.007044 0.744165
237 -163.347244 44.472168 2.781705 -0.667959 0.000020 -0.007046 0.744165
238 -163.352020 46.822189 2.781705 -0.667959 0.000014 -0.007039 0.744165
239 -163.356796 49.173592 2.781705 -0.667959 0.000010 -0.007034 0.744165
240 -163.361603 51.526333 2.781705 -0.667959 0.000014 -0.007039 0.744165
241 -163.366394 53.880161 2.781705 -0.667959 0.000021 -0.007047 0.744165
242 -163.371185 56.235085 2.781705 -0.667959 0.000014 -0.007039 0.744165
243 -163.375992 58.590908 2.781705 -0.667959 0.000019 -0.007044 0.744165
244 -163.380798 60.947548 2.781705 -0.667959 0.000014 -0.007039 0.744165
245 -163.385605 63.304901 2.781705 -0.667959 0.000019 -0.007045 0.744165
246 -163.390381 65.662773 2.781705 -0.667959 0.000012 -0.007037 0.744165
247 -163.395203 68.021149 2.781705 -0.667959 0.000016 -0.007042 0.744165
248 -163.399994 70.379898 2.781705 -0.667959 0.000014 -0.007039 0.744165
249 -163.403473 72.738838 2.781705 -0.667943 0.004643 -0.012196 0.744098
250 -163.004517 75.050316 2.781705 -0.655894 0.126380 -0.147695 0.729395
251 -161.541534 76.848740 2.781705 -0.584949 0.322497 -0.365441 0.648293
252 -159.314209 77.559036 2.781705 -0.496175 0.447190 -0.503425 0.548082
253 -156.956879 77.602173 2.781705 -0.471142 0.473492 -0.532466 0.519915
254 -154.598450 77.595337 2.781705 -0.471145 0.473489 -0.532462 0.519918
255 -152.240326 77.588501 2.781705 -0.471144 0.473490 -0.532464 0.519917
256 -149.882935 77.581673 2.781705 -0.471140 0.473494 -0.532468 0.519913
257 -147.526077 77.574844 2.781705 -0.471143 0.473491 -0.532465 0.519916
258 -145.170151 77.568016 2.781705 -0.471138 0.473496 -0.532470 0.519910
259 -142.815063 77.561180 2.781705 -0.471144 0.473490 -0.532464 0.519917
260 -140.461029 77.554367 2.781705 -0.471142 0.473492 -0.532466 0.519914
261 -138.108215 77.547539 2.781705 -0.471145 0.473489 -0.532462 0.519918
262 -135.756561 77.540733 2.781705 -0.471140 0.473493 -0.532467 0.519913
263 -133.406311 77.533913 2.781705 -0.471140 0.473494 -0.532468 0.519913
264 -131.057617 77.527100 2.781705 -0.471143 0.473490 -0.532464 0.519916
265 -128.710495 77.520302 2.781705 -0.471143 0.473490 -0.532464 0.519916
266 -126.365158 77.513504 2.781705 -0.471140 0.473494 -0.532468 0.519912
267 -124.021652 77.506706 2.781705 -0.471143 0.473490 -0.532464 0.519917
268 -121.680077 77.499931 2.781705 -0.471142 0.473491 -0.532465 0.519915
269 -119.340591 77.493149 2.781705 -0.471139 0.473494 -0.532469 0.519912
270 -117.003212 77.486374 2.781705 -0.471142 0.473492 -0.532466 0.519915
271 -114.668190 77.479591 2.781705 -0.471138 0.473495 -0.532470 0.519911
272 -112.335526 77.472839 2.781705 -0.471141 0.473493 -0.532467 0.519914
273 -110.005562 77.466080 2.781705 -0.471140 0.473494 -0.532468 0.519912
274 -107.678040 77.459343 2.781705 -0.471144 0.473490 -0.532464 0.519917
275 -105.353317 77.452591 2.781705 -0.471142 0.473491 -0.532465 0.519915
276 -103.031464 77.445869 2.781705 -0.471144 0.473490 -0.532463 0.519917
277 -100.712654 77.439148 2.781705 -0.471140 0.473494 -0.532468 0.519912
278 -98.396797 77.432442 2.781705 -0.471141 0.473493 -0.532467 0.519914
279 -96.084251 77.425720 2.781705 -0.471146 0.473487 -0.532461 0.519920
280 -93.774864 77.419037 2.781705 -0.471140 0.473494 -0.532468 0.519913
281 -91.469040 77.412346 2.781705 -0.471143 0.473490 -0.532464 0.519916
282 -89.166557 77.405663 2.781705 -0.471142 0.473491 -0.532465 0.519915
283 -86.868019 77.399017 2.781705 -0.471139 0.473495 -0.532469 0.519911
284 -84.572914 77.392365 2.781705 -0.471141 0.473493 -0.532467 0.519913
285 -82.281799 77.385719 2.781705 -0.471142 0.473492 -0.532466 0.519914
286 -79.994675 77.379082 2.781705 -0.471142 0.473491 -0.532465 0.519915
287 -77.711578 77.372482 2.781705 -0.471141 0.473493 -0.532467 0.519914
288 -75.432632 77.365875 2.781705 -0.471140 0.473494 -0.532468 0.519913
289 -73.158020 77.359283 2.781705 -0.471142 0.473491 -0.532465 0.519915
290 -70.887825 77.352692 2.781705 -0.471138 0.473496 -0.532470 0.519910
291 -68.621956 77.346130 2.781705 -0.471142 0.473491 -0.532465 0.519915
292 -66.360764 77.339592 2.781705 -0.471143 0.473490 -0.532464 0.519916
293 -64.104416 77.333038 2.781705 -0.471138 0.473495 -0.532470 0.519911
294 -61.852829 77.326515 2.781705 -0.471140 0.473494 -0.532468 0.519912
295 -59.606125 77.319992 2.781705 -0.471143 0.473491 -0.532465 0.519916
296 -57.364395 77.313507 2.781705 -0.471143 0.473491 -0.532465 0.519916
297 -55.127762 77.307014 2.781705 -0.471141 0.473492 -0.532466 0.519914
298 -52.896454 77.300560 2.781705 -0.471147 0.473487 -0.532460 0.519920
299 -50.670448 77.294098 2.781705 -0.471142 0.473492 -0.532466 0.519915
300 -48.449894 77.287659 2.781705 -0.471141 0.473492 -0.532466 0.519914
301 -46.234818 77.281250 2.781705 -0.471147 0.473487 -0.532460 0.519920
302 -44.025501 77.274841 2.781705 -0.471140 0.473493 -0.532467 0.519913
303 -41.821842 77.268456 2.781705 -0.471140 0.473493 -0.532468 0.519913
304 -39.623978 77.262070 2.781705 -0.471141 0.473493 -0.532467 0.519914
305 -37.432018 77.255722 2.781705 -0.471139 0.473494 -0.532468 0.519912
306 -35.246223 77.249390 2.781705 -0.471139 0.473494 -0.532468 0.519912
307 -33.066399 77.243080 2.781705 -0.471144 0.473490 -0.532464 0.519917
308 -30.892820 77.236778 2.781705 -0.471143 0.473491 -0.532465 0.519916
309 -28.725641 77.230492 2.781705 -0.471143 0.473491 -0.532465 0.519916
310 -26.564903 77.224228 2.781705 -0.471138 0.473496 -0.532470 0.519910
311 -24.410677 77.217987 2.781705 -0.471144 0.473490 -0.532464 0.519917
312 -22.262997 77.211754 2.781705 -0.471141 0.473492 -0.532466 0.519914
313 -20.122137 77.205551 2.781705 -0.471142 0.473491 -0.532465 0.519915
314 -17.987976 77.199371 2.781705 -0.471142 0.473491 -0.532465 0.519915
315 -15.860672 77.193222 2.781705 -0.471149 0.473484 -0.532457 0.519923
316 -13.740306 77.187286 2.781705 -0.471176 0.473457 -0.532428 0.519953
317 -11.627073 77.181580 2.781705 -0.471195 0.473438 -0.532407 0.519975
318 -9.521093 77.176041 2.781705 -0.471212 0.473421 -0.532388 0.519994
319 -7.422323 77.170708 2.781705 -0.471234 0.473400 -0.532364 0.520019
320 -5.331573 77.142059 2.781705 -0.450670 0.493017 -0.554003 0.496902
321 -3.348956 76.554451 2.781705 -0.338064 0.576092 -0.645372 0.370575
322 -1.805396 75.188835 2.781705 -0.212136 0.633378 -0.707869 0.229678
323 -0.814719 73.379936 2.781705 -0.124555 0.656243 -0.732422 0.131866
324 -0.227637 71.406479 2.781705 -0.070849 0.664191 -0.740712 0.071948
325 0.097394 69.379990 2.781705 -0.036232 0.666975 -0.743451 0.033351
326 0.245962 67.340309 2.781705 0.012293 -0.667846 0.744168 -0.006673
327 0.288782 65.303246 2.781705 0.004841 -0.667941 0.744196 0.001630
328 0.322413 63.273983 2.781705 0.004842 -0.667941 0.744196 0.001629
329 0.355921 61.252842 2.781705 0.004839 -0.667941 0.744196 0.001633
330 0.389285 59.239899 2.781705 0.004840 -0.667941 0.744196 0.001632
331 0.422502 57.235317 2.781705 0.004842 -0.667941 0.744196 0.001629
332 0.455599 55.238998 2.781705 0.004842 -0.667941 0.744196 0.001629
333 0.488539 53.251171 2.781705 0.004841 -0.667941 0.744196 0.001630
334 0.521345 51.271839 2.781705 0.004839 -0.667941 0.744196 0.001632
335 0.554008 49.301113 2.781705 0.004842 -0.667941 0.744196 0.001629
336 0.586529 47.338909 2.781705 0.004841 -0.667941 0.744196 0.001630
337 0.618906 45.385548 2.781705 0.004840 -0.667941 0.744196 0.001631
338 0.651145 43.440933 2.781705 0.004842 -0.667941 0.744196 0.001629
339 0.683231 41.505337 2.781705 0.004844 -0.667941 0.744196 0.001626
340 0.715151 39.578827 2.781705 0.004842 -0.667941 0.744196 0.001629
341 0.746932 37.661140 2.781705 0.004843 -0.667941 0.744196 0.001628
342 0.778570 35.752670 2.781705 0.004844 -0.667941 0.744196 0.001626
343 0.810056 33.853439 2.781705 0.004842 -0.667941 0.744196 0.001629
344 0.841370 31.963472 2.781705 0.004842 -0.667941 0.744196 0.001629
345 0.872550 30.082884 2.781705 0.004844 -0.667941 0.744196 0.001626
346 0.903568 28.211590 2.781705 0.004843 -0.667941 0.744196 0.001628
347 0.934415 26.349926 2.781705 0.004844 -0.667941 0.744196 0.001627
348 0.965118 24.497734 2.781705 0.004839 -0.667941 0.744196 0.001632
349 0.995660 22.655159 2.781705 0.004842 -0.667941 0.744196 0.001629
350 1.026030 20.822363 2.781705 0.004843 -0.667941 0.744196 0.001628
351 1.056252 18.999203 2.781705 0.004841 -0.667941 0.744196 0.001630
352 1.086302 17.185884 2.781705 0.004842 -0.667941 0.744196 0.001629
353 1.116195 15.382666 2.781705 0.004842 -0.667941 0.744196 0.001629
354 1.145921 13.589178 2.781705 0.004836 -0.667941 0.744196 0.001636
355 1.175485 11.805811 2.781705 0.004843 -0.667941 0.744196 0.001628
356 1.204867 10.032555 2.781705 0.004845 -0.667941 0.744196 0.001626
357 1.234088 8.269448 2.781705 0.004841 -0.667941 0.744196 0.001630
358 1.263142 6.516513 2.781705 0.004841 -0.667941 0.744196 0.001630
359 1.292033 4.773870 2.781705 0.004842 -0.667941 0.744196 0.001629
360 1.320744 3.041573 2.781705 0.004841 -0.667941 0.744196 0.001630
361 1.349282 1.319636 2.781705 0.004846 -0.667941 0.744196 0.001624
362 1.377654 -0.391797 2.781705 0.004837 -0.667941 0.744196 0.001635
363 1.405849 -2.092856 2.781705 0.004825 -0.667941 0.744196 0.001648
364 1.281714 -3.774101 2.781705 -0.072357 -0.664028 0.739025 0.087594
365 0.627322 -5.308821 2.781705 -0.200598 -0.637126 0.707705 0.230183
366 -0.576706 -6.448203 2.781705 -0.321665 -0.585406 0.648812 0.364519
367 -2.085042 -7.124998 2.781705 -0.397664 -0.536686 0.593733 0.448678
368 -3.695397 -7.463877 2.781705 -0.441089 -0.501607 0.554195 0.496687
369 -5.326934 -7.582514 2.781705 -0.467561 -0.477028 0.526534 0.525921
370 -6.952810 -7.573596 2.781705 -0.475897 -0.468712 0.517182 0.535120
371 -8.567657 -7.552242 2.781705 -0.475938 -0.468670 0.517135 0.535166
372 -10.171466 -7.530750 2.781705 -0.475981 -0.468627 0.517087 0.535212
373 -11.764293 -7.509111 2.781705 -0.476025 -0.468582 0.517037 0.535261
374 -13.346019 -7.487323 2.781705 -0.476070 -0.468536 0.516985 0.535311
375 -14.916487 -7.465378 2.781705 -0.476117 -0.468488 0.516931 0.535363
376 -16.476006 -7.443268 2.781705 -0.476166 -0.468439 0.516875 0.535417
377 -18.024117 -7.420990 2.781705 -0.476217 -0.468387 0.516817 0.535473
378 -19.560919 -7.398537 2.781705 -0.476269 -0.468334 0.516757 0.535531
379 -21.086468 -7.375965 2.781705 -0.476290 -0.468312 0.516733 0.535554
380 -22.600685 -7.353534 2.781705 -0.476290 -0.468312 0.516733 0.535554
381 -24.103359 -7.331273 2.781705 -0.476291 -0.468312 0.516733 0.535554
382 -25.594639 -7.309180 2.781705 -0.476291 -0.468312 0.516733 0.535554
383 -27.074404 -7.287259 2.781705 -0.476290 -0.468312 0.516733 0.535554
384 -28.542604 -7.265510 2.781705 -0.476290 -0.468312 0.516733 0.535554
385 -29.999187 -7.243931 2.781705 -0.476290 -0.468312 0.516733 0.535554
386 -31.444221 -7.222524 2.781705 -0.476290 -0.468312 0.516733 0.535554
387 -32.877537 -7.201291 2.781705 -0.476290 -0.468312 0.516733 0.535554
388 -34.299259 -7.180229 2.781705 -0.476290 -0.468312 0.516733 0.535554
389 -35.709080 -7.159345 2.781705 -0.476290 -0.468312 0.516733 0.535554
390 -37.107262 -7.138631 2.781705 -0.476290 -0.468312 0.516733 0.535554
391 -38.493649 -7.118093 2.781705 -0.476290 -0.468312 0.516733 0.535554
392 -39.868092 -7.097733 2.781705 -0.476290 -0.468312 0.516733 0.535554
393 -41.230553 -7.077549 2.781705 -0.476290 -0.468312 0.516733 0.535554
394 -42.581120 -7.057541 2.781705 -0.476290 -0.468312 0.516733 0.535554
395 -43.919739 -7.037711 2.781705 -0.476290 -0.468312 0.516733 0.535554
396 -45.246197 -7.018061 2.781705 -0.476291 -0.468312 0.516733 0.535554
397 -46.560677 -6.998588 2.781705 -0.476291 -0.468312 0.516733 0.535554
398 -47.863274 -6.979291 2.781705 -0.476291 -0.468312 0.516733 0.535554
399 -49.153614 -6.960176 2.781705 -0.476290 -0.468312 0.516733 0.535554
400 -50.431778 -6.941241 2.781705 -0.476291 -0.468312 0.516733 0.535554
401 -51.698044 -6.922482 2.781705 -0.476291 -0.468312 0.516733 0.535554
402 -52.951996 -6.903906 2.781705 -0.476291 -0.468312 0.516733 0.535554
403 -54.193771 -6.885510 2.781705 -0.476290 -0.468312 0.516733 0.535554
404 -55.423309 -6.867295 2.781705 -0.476290 -0.468312 0.516733 0.535554
405 -56.640480 -6.849265 2.781705 -0.476291 -0.468312 0.516733 0.535554
406 -57.845543 -6.831412 2.781705 -0.476290 -0.468312 0.516733 0.535554
407 -59.038116 -6.813745 2.781705 -0.476290 -0.468312 0.516733 0.535554
408 -60.218616 -6.796257 2.781705 -0.476290 -0.468312 0.516733 0.535554
409 -61.386509 -6.778956 2.781705 -0.476291 -0.468312 0.516733 0.535554
410 -62.542046 -6.761838 2.781705 -0.476290 -0.468312 0.516733 0.535554
411 -63.685345 -6.744901 2.781705 -0.476291 -0.468312 0.516733 0.535554
412 -64.815994 -6.728151 2.781705 -0.476291 -0.468312 0.516733 0.535554
413 -65.934258 -6.711586 2.781705 -0.476290 -0.468312 0.516733 0.535554
414 -67.039986 -6.695470 2.781705 -0.476098 -0.468509 0.516954 0.535341
415 -68.133461 -6.680975 2.781705 -0.475764 -0.468848 0.517335 0.534973
416 -69.214317 -6.668065 2.781705 -0.475484 -0.469131 0.517654 0.534664
417 -70.282684 -6.656477 2.781705 -0.475246 -0.469372 0.517925 0.534401
418 -71.338478 -6.646021 2.781705 -0.475039 -0.469581 0.518160 0.534174
419 -72.381752 -6.636546 2.781705 -0.474859 -0.469764 0.518365 0.533974
420 -73.412376 -6.627930 2.781705 -0.474699 -0.469925 0.518547 0.533798
421 -74.430336 -6.620069 2.781705 -0.474556 -0.470070 0.518709 0.533640
422 -75.435883 -6.612887 2.781705 -0.474428 -0.470199 0.518855 0.533499
423 -76.428726 -6.606318 2.781705 -0.474312 -0.470316 0.518986 0.533371
424 -77.408768 -6.600284 2.781705 -0.474206 -0.470423 0.519106 0.533254
425 -78.376167 -6.594749 2.781705 -0.474110 -0.470520 0.519215 0.533148
426 -79.330910 -6.589661 2.781705 -0.474021 -0.470610 0.519316 0.533049
427 -80.272865 -6.584987 2.781705 -0.473939 -0.470692 0.519409 0.532959
428 -81.202087 -6.580673 2.781705 -0.473863 -0.470768 0.519495 0.532876
429 -82.118828 -6.576719 2.781705 -0.473793 -0.470839 0.519574 0.532798
430 -83.022446 -6.573074 2.781705 -0.473727 -0.470905 0.519648 0.532726
431 -83.913483 -6.569710 2.781705 -0.473666 -0.470966 0.519717 0.532658
432 -84.791718 -6.566626 2.781705 -0.473609 -0.471024 0.519782 0.532595
433 -85.657257 -6.563792 2.781705 -0.473555 -0.471078 0.519843 0.532536
434 -86.510025 -6.561188 2.781705 -0.473505 -0.471129 0.519900 0.532480
435 -87.349838 -6.558794 2.781705 -0.473457 -0.471176 0.519954 0.532428
436 -88.176941 -6.556599 2.781705 -0.473413 -0.471221 0.520004 0.532378
437 -88.990974 -6.554588 2.781705 -0.473370 -0.471264 0.520052 0.532332
438 -89.792519 -6.552749 2.781705 -0.473330 -0.471304 0.520097 0.532287
439 -90.581093 -6.551070 2.781705 -0.473292 -0.471342 0.520140 0.532245
440 -91.356735 -6.549541 2.781705 -0.473256 -0.471378 0.520181 0.532206
441 -92.119713 -6.548151 2.781705 -0.473222 -0.471413 0.520220 0.532168
442 -92.869553 -6.546889 2.781705 -0.473190 -0.471445 0.520256 0.532132
443 -93.606728 -6.545746 2.781705 -0.473158 -0.471477 0.520291 0.532098
444 -94.331017 -6.544715 2.781705 -0.473129 -0.471506 0.520325 0.532065
445 -95.042343 -6.543791 2.781705 -0.473101 -0.471534 0.520356 0.532034
446 -95.740852 -6.542971 2.781705 -0.473074 -0.471561 0.520387 0.532005
447 -96.426308 -6.542243 2.781705 -0.473048 -0.471587 0.520415 0.531976
448 -97.098938 -6.541594 2.781705 -0.473024 -0.471612 0.520443 0.531949
449 -97.758858 -6.541018 2.781705 -0.473000 -0.471635 0.520469 0.531924
450 -98.405640 -6.540528 2.781705 -0.472978 -0.471658 0.520495 0.531899
451 -99.039696 -6.540107 2.781705 -0.472957 -0.471679 0.520519 0.531875
452 -99.660706 -6.539739 2.781705 -0.472936 -0.471699 0.520542 0.531853
453 -100.268936 -6.539437 2.781705 -0.472917 -0.471719 0.520564 0.531831
454 -100.864098 -6.539195 2.781705 -0.472898 -0.471738 0.520585 0.531810
455 -101.446495 -6.538990 2.781705 -0.472880 -0.471756 0.520606 0.531790
456 -102.015900 -6.538846 2.781705 -0.472862 -0.471773 0.520625 0.531771
457 -102.572495 -6.538738 2.781705 -0.472846 -0.471790 0.520644 0.531753
458 -103.116119 -6.538668 2.781705 -0.472830 -0.471806 0.520662 0.531735
459 -103.646835 -6.538643 2.781705 -0.472815 -0.471821 0.520679 0.531719
460 -104.164467 -6.538639 2.781705 -0.472800 -0.471836 0.520695 0.531703
461 -104.669357 -6.538681 2.781705 -0.472786 -0.471850 0.520711 0.531687
462 -105.161446 -6.538733 2.781705 -0.472773 -0.471863 0.520726 0.531672
463 -105.640427 -6.538829 2.781705 -0.472760 -0.471876 0.520741 0.531658
464 -106.106728 -6.538929 2.781705 -0.472748 -0.471888 0.520754 0.531645
465 -106.560020 -6.539066 2.781705 -0.472736 -0.471900 0.520768 0.531632
466 -107.000443 -6.539207 2.781705 -0.472724 -0.471912 0.520781 0.531619
467 -107.427864 -6.539374 2.781705 -0.472714 -0.471922 0.520793 0.531607
468 -107.842369 -6.539551 2.781705 -0.472703 -0.471933 0.520804 0.531596
469 -108.244240 -6.539733 2.781705 -0.472693 -0.471943 0.520816 0.531585
470 -108.633102 -6.539940 2.781705 -0.472684 -0.471952 0.520826 0.531574
471 -109.008865 -6.540141 2.781705 -0.472675 -0.471961 0.520837 0.531564
472 -109.372063 -6.540356 2.781705 -0.472666 -0.471970 0.520846 0.531554
473 -109.722504 -6.540578 2.781705 -0.472658 -0.471978 0.520856 0.531545
474 -110.059891 -6.540793 2.781705 -0.472650 -0.471986 0.520865 0.531537
475 -110.384323 -6.541019 2.781705 -0.472642 -0.471994 0.520873 0.531528
476 -110.696030 -6.541248 2.781705 -0.472635 -0.472001 0.520881 0.531520
477 -110.995010 -6.541469 2.781705 -0.472628 -0.472008 0.520889 0.531513
478 -111.280960 -6.541688 2.781705 -0.472622 -0.472014 0.520896 0.531506
479 -111.554352 -6.541915 2.781705 -0.472616 -0.472021 0.520903 0.531499
480 -111.814583 -6.542132 2.781705 -0.472610 -0.472026 0.520909 0.531493
481 -112.062210 -6.542339 2.781705 -0.472604 -0.472032 0.520916 0.531487
482 -112.297119 -6.542542 2.781705 -0.472599 -0.472037 0.520922 0.531481
483 -112.518990 -6.542747 2.781705 -0.472594 -0.472042 0.520927 0.531476
484 -112.728180 -6.542943 2.781705 -0.472590 -0.472046 0.520932 0.531470
485 -112.924713 -6.543126 2.781705 -0.472586 -0.472051 0.520937 0.531466
486 -113.108635 -6.543297 2.781705 -0.472582 -0.472055 0.520941 0.531461
487 -113.279495 -6.543459 2.781705 -0.472578 -0.472058 0.520945 0.531457
488 -113.437691 -6.543617 2.781705 -0.472575 -0.472062 0.520949 0.531454
489 -113.583298 -6.543766 2.781705 -0.472572 -0.472065 0.520953 0.531450
490 -113.716057 -6.543903 2.781705 -0.472569 -0.472068 0.520956 0.531447
491 -113.835999 -6.544026 2.781705 -0.472566 -0.472070 0.520959 0.531444
492 -113.943443 -6.544137 2.781705 -0.472564 -0.472072 0.520961 0.531442
493 -114.038277 -6.544233 2.781705 -0.472562 -0.472074 0.520963 0.531440
494 -114.120255 -6.544318 2.781705 -0.472560 -0.472076 0.520965 0.531438
495 -114.196411 -6.544396 2.781705 -0.472559 -0.472077 0.520967 0.531436
496 -114.262238 -6.544464 2.781705 -0.472557 -0.472079 0.520969 0.531435
497 -114.303268 -6.544506 2.781705 -0.472556 -0.472080 0.520970 0.531433
498 -114.328613 -6.544532 2.781705 -0.472556 -0.472081 0.520971 0.531433
499 -114.342766 -6.544547 2.781705 -0.472556 -0.472081 0.520971 0.531433
500 -114.347214 -6.544551 2.781705 -0.472556 -0.472081 0.520971 0.531433
