1	-26.1212	-7.40377	4.98367	-0.501492	-0.500823	0.506944	0.490602
2	-27.6489	-11.4081	-1.31852	-0.450096	-0.417592	0.529204	0.585639
3	-27.2763	-14.5137	2.67768	-0.435956	-0.513212	0.599416	0.432732
4	-27.3812	-7.5247	3.69295	-0.350145	-0.390966	0.574743	0.627865
5	-27.94	-5.37136	5.03624	0.537012	0.623243	-0.457025	-0.338103
6	-25.6638	-3.18457	0.934398	-0.476053	-0.440573	0.473867	0.595582
7	-30.752	-3.55343	-0.587352	-0.421344	-0.572517	0.3853	0.58842
8	-27.9811	-10.188	0.171767	-0.441432	-0.481416	0.502202	0.566719
9	-36.6984	-6.64359	1.08628	-0.506735	-0.416358	0.406727	0.635955
10	-33.2401	-12.8851	1.12636	-0.466095	-0.47477	0.439072	0.603792
11	-28.5198	-5.2866	8.65438	-0.373507	-0.479067	0.595819	0.525345
12	-34.6339	-9.95961	7.76258	-0.510178	-0.543572	0.362558	0.559285
13	-30.5055	-9.19167	3.15719	-0.455728	-0.471281	0.489337	0.575114
14	-29.7838	-6.27733	4.73296	-0.38348	-0.623872	0.416694	0.538603
15	-25.6269	-12.2207	6.05557	0.448117	0.580222	-0.557904	-0.388944
16	-32.9521	-9.74977	5.60232	-0.341185	-0.469295	0.599615	0.551197
17	-26.8734	-0.770206	-1.32923	-0.399607	-0.557559	0.59794	0.41462
18	-32.8648	-3.65487	-0.984075	-0.554142	-0.279531	0.593995	0.511819
19	-32.961	-3.59046	1.27383	0.466904	0.555221	-0.497163	-0.475982
20	-31.3346	-8.52422	3.53357	-0.511103	-0.361203	0.541068	0.56174
21	-27.3243	-7.09532	4.24423	0.647529	0.431756	-0.512325	-0.363065
22	-30.6265	-8.00515	1.06669	0.460576	0.617727	-0.467799	-0.432951
23	-32.4812	-10.2335	1.69557	0.579027	0.487103	-0.520126	-0.396141
24	-26.0308	-3.92564	4.1467	-0.48302	-0.405159	0.550759	0.546994
25	-31.1609	-8.06307	-0.970438	0.567649	0.556019	-0.41106	-0.44682
26	-30.3241	-5.87107	-3.44341	-0.49128	-0.550996	0.355874	0.573063
27	-32.2878	-6.96402	1.97686	-0.522663	-0.498579	0.430884	0.540908
28	-34.1653	-8.16288	0.140882	-0.45085	-0.521756	0.546183	0.475594
29	-30.4543	-7.04859	-2.42973	-0.543321	-0.379837	0.417351	0.621566
30	-35.4903	-4.81748	5.47321	-0.425673	-0.474507	0.367585	0.677146
31	-33.1482	-7.03331	2.23207	-0.376189	-0.404179	0.587763	0.591316
32	-35.406	-7.00806	3.49289	-0.445188	-0.420991	0.348452	0.709334
33	-39.5072	-6.65524	-2.32454	-0.479844	-0.42532	0.449271	0.6221
34	-34.741	-10.1065	0.825621	-0.518072	-0.538644	0.424064	0.511501
35	-35.0206	-6.882	-2.57773	-0.591433	-0.528063	0.244673	0.558114
36	-33.2471	-9.97905	-0.583778	-0.382283	-0.291066	0.584932	0.653448
37	-39.5209	-8.2795	4.02076	0.533002	0.534557	-0.442531	-0.48407
38	-39.5675	-7.20811	4.37575	-0.360515	-0.425686	0.580216	0.593438
39	-32.1504	-11.397	2.00406	-0.410734	-0.340767	0.521189	0.665986
40	-39.8052	-3.67606	-3.47638	-0.604161	-0.442835	0.422088	0.510615
41	-38.9129	-5.48693	-4.34432	-0.407915	-0.453941	0.619952	0.493155
42	-36.4728	-7.7468	3.67624	-0.436339	-0.48626	0.59615	0.466652
43	-44.2444	-3.6198	0.42844	-0.559901	-0.424658	0.560878	0.437713
44	-42.2477	-11.1373	5.73641	-0.360831	-0.385534	0.593744	0.607151
45	-41.4017	-8.92549	4.39624	-0.461828	-0.440897	0.50011	0.584992
46	-48.8083	-2.54141	1.95462	-0.499822	-0.41449	0.394026	0.650476
47	-44.0446	-6.82336	6.55247	-0.397177	-0.395302	0.574546	0.596559
48	-36.8538	-4.49817	7.27062	-0.435124	-0.362337	0.692561	0.44692
49	-40.8191	-11.0914	1.16237	-0.42884	-0.460756	0.536461	0.562147
50	-45.0215	-13.539	8.4402	-0.414514	-0.401512	0.410499	0.706015
51	-47.1757	-8.32678	11.0877	-0.570341	-0.325079	0.502298	0.562789
52	-45.6809	-11.2198	4.28314	-0.531178	-0.319848	0.585756	0.521955
53	-45.357	-7.24308	2.34101	0.552114	0.542543	-0.506486	-0.379855
54	-48.6906	-6.4112	5.88773	-0.344065	-0.425073	0.521492	0.654964
55	-44.7492	-8.4079	7.76052	-0.474802	-0.493644	0.486248	0.542625
56	-50.4116	-11.1357	1.42039	-0.356175	-0.313569	0.596839	0.646991
57	-48.2073	-7.84903	3.96876	-0.477806	-0.27053	0.60414	0.57752
58	-55.814	-7.39108	10.532	0.570927	0.453136	-0.51964	-0.44574
59	-47.8981	-2.98952	8.15729	-0.545015	-0.336658	0.491576	0.589893
60	-56.5568	-8.57399	2.32911	-0.479137	-0.462749	0.478992	0.571715
61	-47.169	-6.71594	1.50335	-0.337071	-0.478511	0.656891	0.475295
62	-53.1705	-10.8367	4.33464	0.600779	0.521213	-0.360983	-0.486921
63	-59.1982	-9.92657	3.33568	-0.580993	-0.515326	0.362263	0.515414
64	-50.8841	-6.33454	7.04948	-0.47658	-0.414545	0.538834	0.557388
65	-64.2195	-14.8743	-1.2346	0.425119	0.558555	-0.534969	-0.470211
66	-56.2777	-4.60096	4.58991	-0.428543	-0.491921	0.640764	0.404705
67	-57.5492	-17.5834	-2.4695	-0.316014	-0.40397	0.548994	0.659961
68	-55.8638	-3.53104	2.81919	-0.370226	-0.550296	0.484353	0.570534
69	-61.1565	-9.79212	5.22304	-0.497553	-0.517661	0.481926	0.502211
70	-66.097	-6.56095	6.14125	-0.469823	-0.56142	0.433552	0.525459
71	-58.3529	-11.1997	4.35694	-0.474933	-0.430124	0.611979	0.463588
72	-60.8647	-7.88	2.79522	-0.487571	-0.433718	0.546722	0.524651
73	-59.8103	-7.80116	0.0463755	-0.513843	-0.477016	0.316926	0.638732
74	-58.1793	-9.10588	-5.22658	0.559975	0.543635	-0.462928	-0.420222
75	-69.6602	-7.7159	7.90638	-0.455552	-0.395296	0.676135	0.423149
76	-65.9952	-11.2447	3.41571	0.341383	0.61588	-0.504211	-0.49992
77	-63.0002	-7.83862	11.0317	-0.626088	-0.426067	0.40943	0.508771
78	-67.2625	-10.1104	1.68358	0.577611	0.379664	-0.525252	-0.496317
79	-71.5997	-4.22209	-0.131627	0.593177	0.431392	-0.505797	-0.454105
80	-65.4645	-11.4857	-7.20243	-0.312564	-0.4998	0.505675	0.629918
81	-69.1959	-9.58975	2.19954	-0.419373	-0.630944	0.400623	0.515303
82	-72.8479	-6.6857	0.0606573	-0.530858	-0.4164	0.511118	0.532503
83	-71.3766	-7.01701	0.797252	-0.583621	-0.374254	0.600031	0.399102
84	-73.893	-5.51075	-2.73309	-0.480348	-0.396749	0.677856	0.390343
85	-76.6555	-8.03664	2.40935	-0.350922	-0.576854	0.495801	0.546145
86	-74.6815	-7.96157	10.2933	-0.485835	-0.408374	0.618104	0.463834
87	-72.7491	-2.13986	8.1336	-0.48504	-0.502624	0.527627	0.483441
88	-74.6742	-10.7529	1.83472	-0.534918	-0.316165	0.677898	0.392882
89	-79.9745	-9.54356	-1.41526	-0.470718	-0.338968	0.580913	0.571022
90	-80.5205	-6.78472	5.65613	-0.469846	-0.489908	0.607063	0.41317
91	-82.0666	-8.02007	0.777874	0.622947	0.398835	-0.494009	-0.456972
92	-82.5293	-10.4215	6.26245	-0.644245	-0.369992	0.429672	0.513261
93	-86.7131	-8.92184	1.29018	-0.451106	-0.344014	0.602309	0.561588
94	-85.0232	-7.11323	3.40862	-0.453282	-0.435924	0.519965	0.57805
95	-82.3268	-7.39448	4.30687	-0.510329	-0.387896	0.540808	0.544636
96	-86.27	-4.47046	11.0566	-0.391727	-0.519388	0.520319	0.553221
97	-82.1025	-4.21959	-0.00414662	-0.551987	-0.521277	0.384401	0.525182
98	-90.2068	-10.8986	4.46483	-0.535923	-0.530282	0.370186	0.542724
99	-86.5041	-7.16888	1.01133	-0.522455	-0.477572	0.42168	0.566702
100	-93.5223	-6.73308	4.09037	-0.483332	-0.33875	0.584806	0.556454
101	-92.0477	-6.85674	0.337513	0.475533	0.538896	-0.508792	-0.473909
102	-94.9679	-9.048	3.92748	-0.43145	-0.483996	0.363428	0.668969
103	-99.0371	-2.78763	9.1962	0.497448	0.596334	-0.416622	-0.472607
104	-90.2656	-4.32863	2.37807	-0.531023	-0.466261	0.487715	0.51259
105	-98.0083	-8.6908	2.93098	-0.393117	-0.500088	0.514599	0.574942
106	-98.6936	-5.58644	2.36991	-0.412015	-0.494492	0.515366	0.565791
107	-102.151	-9.89368	-4.20809	-0.30914	-0.50145	0.524051	0.615102
108	-102.3	-12.205	5.96024	-0.477823	-0.339082	0.668384	0.458226
109	-112.037	-9.5854	-3.20816	-0.536835	-0.420509	0.619699	0.388528
110	-104.441	-4.78938	-1.95167	-0.475066	-0.40623	0.621628	0.472088
111	-103.355	-6.46355	0.220894	-0.410716	-0.543763	0.487723	0.545675
112	-103.84	-4.62936	1.48307	-0.366181	-0.608789	0.45165	0.539722
113	-111.033	-6.65483	3.74083	-0.512306	-0.545847	0.392381	0.534444
114	-111.292	-7.35368	1.65925	0.519454	0.55403	-0.533683	-0.372022
115	-116.981	-12.1565	-1.36466	-0.147851	-0.651493	0.693985	0.26848
116	-111.443	-6.03541	2.44074	-0.173454	-0.626162	0.695674	0.306387
117	-109.765	-10.0739	9.55247	-0.206313	-0.583775	0.784988	-0.0208711
118	-113.466	-17.4511	1.37418	0.1184	-0.654543	0.746317	-0.0237684
119	-111.9	-14.7302	0.123764	0.0852804	-0.621534	0.778709	-0.00590508
120	-111.315	-14.0757	1.67279	0.157932	0.715065	-0.665594	0.143962
121	-116.287	-21.3003	8.34054	-0.0322948	-0.525204	0.84389	-0.104731
122	-119.364	-19.5333	-1.54682	-0.0764396	0.714189	-0.682455	-0.135448
123	-111.987	-22.7668	6.30742	0.0112804	0.734354	-0.671926	-0.0954597
124	-116.838	-21.1828	7.08444	0.055675	0.777458	-0.618959	-0.0966925
125	-111.169	-21.8136	7.14938	-0.0222315	-0.65353	0.75586	0.0328578
126	-114.892	-19.6934	1.63524	0.0605215	-0.62523	0.771904	0.0979216
127	-114.657	-31.2667	4.65898	0.0788794	-0.651691	0.748413	0.0946261
128	-117.098	-30.1816	-1.45914	-0.103889	-0.634675	0.764491	0.0441257
129	-115.638	-35.5724	2.13831	-0.0735891	-0.627706	0.774706	0.0200214
130	-116.483	-33.6435	4.91248	0.251487	0.744533	-0.61483	0.0664008
131	-115.126	-29.5827	10.2311	-0.016201	-0.647888	0.759685	0.0534507
132	-121.299	-33.0922	1.91813	0.0276733	0.745847	-0.626258	-0.225272
133	-113.641	-33.5202	3.25144	0.144614	0.700494	-0.686125	-0.132766
134	-113.661	-31.3959	6.8745	-0.0876228	-0.635501	0.754264	0.13981
135	-118.987	-38.3885	0.0336862	0.0881669	-0.586126	0.801865	0.0754614
136	-115.533	-38.9749	2.11746	0.157155	-0.580239	0.798985	0.0157493
137	-117.34	-42.4782	-0.664622	0.024072	-0.640156	0.767141	0.0333922
138	-118.848	-45.4586	1.71648	0.0275991	-0.70328	0.709149	0.041758
139	-112.615	-44.4521	0.349077	0.0597218	-0.693407	0.718061	-0.00287837
140	-114.948	-46.9791	2.78144	-0.0589864	0.838509	-0.512171	0.176363
141	-117.57	-48.8269	3.79869	-0.145459	-0.609195	0.777311	-0.0592532
142	-108.416	-47.6073	4.25962	0.0102199	-0.657255	0.753551	-0.00855497
143	-111.37	-56.0098	4.52972	-0.00628541	0.757407	-0.644418	0.104978
144	-114.241	-54.0648	3.42506	0.194794	0.71089	-0.657988	-0.154084
145	-120.257	-55.0864	5.83447	-0.136998	0.760323	-0.634911	-0.00526995
146	-114.147	-61.2146	2.97172	-0.0102175	0.746957	-0.648226	0.147489
147	-112.934	-57.6597	3.3533	0.131399	-0.557951	0.8193	0.0131593
148	-110.608	-58.2833	0.961269	0.152459	-0.683287	0.713366	0.0313697
149	-116.089	-67.1377	-0.282494	-0.0655387	0.724668	-0.685924	0.00835068
150	-114.465	-64.0666	-0.907753	-0.0657204	-0.659742	0.748255	0.023139
151	-114.716	-69.9266	3.12905	0.1025	-0.66591	0.735522	-0.0711688
152	-113.2	-67.6968	4.32743	-0.0843547	0.731621	-0.66555	-0.121066
153	-112.437	-71.248	8.86105	-0.00288763	0.861725	-0.507137	0.0152783
154	-115.216	-72.1816	3.40018	-0.0695438	-0.699676	0.709757	0.0431598
155	-125.275	-70.8408	1.06231	0.0691463	-0.665868	0.73915	-0.0741385
156	-109.448	-76.3359	4.93632	0.0176073	-0.658403	0.749325	0.0686059
157	-111.069	-81.7162	2.01247	-0.121546	-0.557516	0.821015	0.0183266
158	-116.775	-84.2983	3.56423	-0.183378	-0.624074	0.70593	0.2803
159	-122.258	-78.7062	2.55353	-0.309353	-0.58974	0.690953	0.281232
160	-116.923	-79.2056	3.72004	-0.410735	-0.517497	0.561705	0.497977
161	-120.436	-82.6718	1.47407	-0.46005	-0.4974	0.52528	0.514809
162	-122.814	-79.2953	2.48841	0.339677	0.743228	-0.487692	-0.307227
163	-124.966	-79.383	4.25192	0.488348	0.605317	-0.401022	-0.484035
164	-132.41	-82.915	4.09253	-0.515853	-0.399704	0.580549	0.486925
165	-128.494	-79.7842	-1.4328	0.554177	0.485153	-0.487337	-0.469059
166	-134.004	-83.2453	5.87688	-0.476886	-0.404061	0.367251	0.688796
167	-134.252	-85.124	8.64645	-0.398557	-0.506241	0.485343	0.591028
168	-129.975	-77.9995	6.45287	-0.39397	-0.653567	0.320845	0.560978
169	-136.875	-85.3343	5.62873	0.562096	0.506904	-0.428103	-0.493786
170	-136.443	-79.9085	1.00206	0.524283	0.471756	-0.512118	-0.490213
171	-141.095	-77.8089	5.52626	-0.525606	-0.527499	0.411658	0.525377
172	-145.919	-74.9339	-2.18407	-0.33485	-0.511906	0.550289	0.568339
173	-144.03	-82.8172	8.32616	0.519704	0.576737	-0.484877	-0.402712
174	-150.457	-81.4783	2.65187	-0.482367	-0.432716	0.601116	0.467696
175	-150.705	-79.9026	-3.41886	-0.400893	-0.566109	0.586544	0.418057
176	-148.267	-82.8977	7.43273	-0.567799	-0.447938	0.306521	0.618871
177	-153.227	-83.2776	1.21453	-0.443465	-0.520311	0.50639	0.525533
178	-156.469	-87.5308	4.43229	-0.576524	-0.262286	0.52453	0.568942
179	-151.939	-81.0511	7.3185	-0.609777	-0.292334	0.472229	0.565432
180	-159.038	-84.4717	-5.50815	0.665426	0.387935	-0.400413	-0.49637
181	-164.47	-87.5358	4.4231	-0.600999	-0.337524	0.304787	0.657254
182	-163.584	-85.6946	4.56722	-0.622643	-0.28626	0.0182543	0.728036
183	-166.923	-78.2101	-2.78299	-0.711062	0.0002113	0.0742228	0.6992
184	-163.496	-70.3387	3.38266	-0.537698	0.023943	-0.0653873	0.840257
185	-162.822	-71.408	2.49626	-0.625073	-0.0330491	0.118332	0.770837
186	-159.641	-76.4546	4.65386	-0.793948	-0.0152203	-0.163212	0.585471
187	-169.784	-68.5385	8.02903	-0.691549	-0.0389603	-0.0152906	0.721116
188	-162.116	-70.8802	1.42963	-0.689711	-0.0917531	0.071324	0.714698
189	-161.397	-64.016	1.92244	-0.705864	-0.0865313	-0.0880889	0.697502
190	-152.585	-59.4866	3.62495	-0.732934	-0.015677	0.0390993	0.678994
191	-163.427	-65.888	2.43509	-0.68893	-0.0756076	-0.0480083	0.719274
192	-161.508	-67.3933	5.25739	-0.54442	-0.0280011	0.0450105	0.837136
193	-159.102	-52.6792	1.82872	-0.619646	0.0131159	-0.135312	0.773018
194	-167.232	-54.1962	2.37237	-0.641649	0.107158	-0.188233	0.73578
195	-165.091	-49.5481	3.7435	-0.605819	-0.043635	0.0880211	0.789513
196	-161.65	-43.0209	0.236027	-0.598373	0.168488	0.00695195	0.783271
197	-161.703	-43.4993	5.93216	-0.609381	-0.152217	-0.0754019	0.774467
198	-166.128	-43.8631	1.93127	-0.589794	-0.00262878	0.0603853	0.805289
199	-163.469	-40.1418	5.97943	-0.728973	-0.0109227	-0.0913386	0.678334
200	-162.853	-41.6382	-4.90665	-0.549881	-0.100967	0.13633	0.817833
201	-163.371	-37.596	-1.95167	-0.648282	0.131811	0.108494	0.742014
202	-162.845	-32.7183	4.22549	-0.56437	-0.0492567	0.031368	0.823454
203	-153.647	-33.3733	8.76348	-0.629594	0.0843294	-0.0277263	0.771836
204	-161.137	-27.5725	1.52111	-0.617739	-0.118131	0.00435213	0.777448
205	-162.964	-30.7951	8.29704	-0.635673	0.0116632	0.0267781	0.771406
206	-165.562	-28.8731	5.24137	-0.694196	0.0588526	-0.0687683	0.714073
207	-162.504	-26.6566	7.09851	-0.662303	-0.0574532	0.241626	0.706874
208	-161.356	-27.0888	0.128022	-0.590684	0.0410764	-0.00677825	0.805828
209	-164.657	-16.9994	5.36625	-0.617126	0.0994409	-0.0335551	0.779834
210	-163.059	-15.9347	4.66901	-0.616487	-0.168383	-0.198042	0.743216
211	-158.926	-14.6274	2.0655	-0.719578	0.00722192	-0.0484281	0.692683
212	-165.488	-18.4903	1.10144	-0.766835	-0.0466355	-0.0248199	0.639667
213	-168.284	-11.6782	3.21793	-0.658105	0.0203697	-0.120515	0.742939
214	-161.656	-12.0112	4.48629	-0.753917	0.0815075	0.0545015	0.649612
215	-166.947	-6.05753	6.11076	-0.624555	0.00691488	-0.0254063	0.780536
216	-167.226	0.5303	-0.602764	-0.617168	0.263546	0.0309386	0.740736
217	-162.286	5.81865	0.604368	-0.679406	-0.0611998	-0.131601	0.719266
218	-162.03	-3.3112	2.19724	-0.689279	-0.160829	-0.0446793	0.705005
219	-168.838	7.40702	-0.521543	-0.591832	0.0137229	-0.0987189	0.799875
220	-161.381	8.66716	2.7353	-0.683114	0.0797713	-0.0378534	0.724955
221	-166.763	10.6022	2.5664	-0.624723	-0.0178846	0.110846	0.772732
222	-163.898	7.89824	4.88211	-0.697478	0.105586	0.0600938	0.706233
223	-156.843	10.9072	6.5285	-0.540503	-0.0149966	0.0723243	0.838093
224	-164.487	16.8777	4.99074	-0.679392	-0.0143779	0.0187021	0.733396
225	-162.636	21.3597	-0.423854	-0.584678	0.159006	0.0607476	0.793208
226	-160.825	19.5259	3.39146	-0.69133	-0.036846	0.0947104	0.715357
227	-163.986	16.7198	2.07408	-0.644118	-0.00136966	0.13524	0.752874
228	-160.785	25.7939	1.59113	-0.668429	0.117794	0.0833011	0.729649
229	-163.787	20.3108	3.93793	-0.684777	0.183695	0.124607	0.694125
230	-163.364	27.8345	7.5416	-0.64418	0.0153002	-0.0976408	0.758462
231	-165.19	33.1633	9.28881	-0.755978	0.0499222	-0.055436	0.650332
232	-166.879	29.6279	4.65411	-0.723408	-0.0526836	-0.0094601	0.688343
233	-165.221	37.8635	4.27442	-0.756284	0.0451326	0.179573	0.627496
234	-162.485	38.7368	3.46078	-0.645314	-0.0044327	0.104665	0.7567
235	-160.385	38.3871	1.49785	-0.724388	-0.035322	0.0827925	0.683491
236	-159.54	41.7259	-2.36966	-0.613665	0.153932	0.0310448	0.773794
237	-161.808	45.0848	0.941201	-0.590167	-0.0768285	0.0914087	0.798402
238	-163.943	47.2113	2.63442	-0.771166	0.0324551	0.0765597	0.63118
239	-160.109	47.1273	3.14588	-0.733663	-0.0242657	-0.0115121	0.678983
240	-163.163	49.4407	0.16661	-0.769429	0.0344488	-0.0645663	0.634527
241	-162.174	52.8904	4.67307	-0.615259	-0.102342	-0.0445233	0.780385
242	-161.441	59.9137	5.81747	-0.561538	-0.0814432	0.0612029	0.821155
243	-162.447	59.3523	7.81151	-0.575348	0.0718942	0.0386935	0.813824
244	-164.893	62.55	0.489752	-0.467025	0.220763	-0.0957527	0.850872
245	-157.8	63.2605	2.7292	-0.64488	-0.0736174	-0.0814095	0.756361
246	-165.242	69.8451	5.66377	-0.629325	-0.0215537	0.138667	0.764367
247	-162.781	68.4113	5.35864	-0.655096	-0.0323404	-0.0531822	0.752978
248	-163.481	71.1327	4.14351	-0.603293	-0.0286896	-0.00727978	0.79697
249	-167.019	76.9805	-1.10358	-0.600506	-0.234102	-0.0467183	0.763156
250	-160.421	78.8816	2.58563	-0.716286	0.140411	-0.0827055	0.678512
251	-164.507	72.2122	1.96549	-0.491337	0.398872	-0.4563	0.625524
252	-162.531	80.5883	5.36347	-0.576162	0.175142	-0.563657	0.56538
253	-151.736	79.4614	7.87609	0.599566	-0.453645	0.549462	-0.364441
254	-154.344	74.8048	5.17936	-0.525762	0.383362	-0.451029	0.610885
255	-156.921	77.9393	5.4627	-0.568108	0.339113	-0.54175	0.518424
256	-155.599	76.4835	-0.76152	0.532228	-0.476406	0.505121	-0.484379
257	-151.438	75.8404	1.12575	0.547343	-0.379394	0.568422	-0.483086
258	-142.324	79.7235	3.40428	-0.405816	0.649404	-0.377629	0.52056
259	-139.005	77.6708	7.73627	-0.544548	0.508787	-0.426438	0.512595
260	-140.244	78.7753	5.32276	0.537143	-0.401252	0.59087	-0.448716
261	-142.601	78.5865	4.43627	0.57245	-0.310184	0.585959	-0.48243
262	-138.459	78.1952	0.702427	0.519886	-0.512377	0.466343	-0.499713
263	-132.715	79.8405	0.862222	-0.419535	0.386467	-0.527007	0.629998
264	-130.6	75.4444	4.12188	0.352641	-0.556247	0.684226	-0.313159
265	-126.723	74.2124	-5.12972	-0.369658	0.525712	-0.512049	0.5699
266	-134.594	74.1326	1.3758	-0.482366	0.395279	-0.584976	0.518538
267	-120.294	80.4593	5.26078	-0.403819	0.520847	-0.46521	0.590955
268	-121.142	82.5988	1.95129	-0.396231	0.451059	-0.603629	0.524574
269	-117.106	74.2445	6.23774	0.507472	-0.506812	0.608461	-0.339689
270	-120.449	77.6404	5.62964	-0.60408	0.346871	-0.414402	0.585695
271	-110.058	78.2422	3.80652	-0.431505	0.52376	-0.522686	0.516021
272	-110.318	78.5616	3.87712	-0.474915	0.50584	-0.500468	0.517796
273	-108.72	77.0971	-0.833559	-0.489855	0.348848	-0.505438	0.618773
274	-107.249	79.8951	4.71358	-0.418867	0.32669	-0.665927	0.523799
275	-109.034	75.0691	1.66387	0.555383	-0.474768	0.473929	-0.491464
276	-103.172	78.9518	4.47216	0.431978	-0.490181	0.654961	-0.379662
277	-107.957	80.4189	3.63928	-0.46704	0.478218	-0.531812	0.519959
278	-99.8702	75.9568	3.26712	0.510934	-0.477901	0.56053	-0.443129
279	-97.4153	75.2815	5.00214	-0.502302	0.411555	-0.561968	0.512354
280	-88.7512	76.3646	5.13756	-0.363492	0.37971	-0.592959	0.609994
281	-84.7966	79.118	0.48872	-0.520855	0.412947	-0.470845	0.580078
282	-82.1634	81.0478	-0.307523	-0.471154	0.42336	-0.536163	0.55795
283	-85.6075	83.2699	1.09564	-0.523077	0.540244	-0.491947	0.438765
284	-83.6191	78.4608	1.45775	-0.342668	0.522265	-0.583418	0.519078
285	-75.671	75.1952	7.22673	-0.394087	0.577941	-0.403485	0.589813
286	-73.9494	80.4994	2.49676	-0.482248	0.501923	-0.503317	0.512038
287	-77.6381	80.0248	6.76177	-0.459612	0.591304	-0.383339	0.540525
288	-79.0048	77.8359	4.91194	0.538062	-0.474379	0.492738	-0.492609
289	-74.5261	75.738	6.283	-0.393827	0.454731	-0.54444	0.584555
290	-74.5958	73.0852	3.99258	-0.55543	0.370396	-0.542143	0.510279
291	-71.1463	83.5185	5.75785	-0.377215	0.450855	-0.6136	0.527194
292	-64.9259	74.391	2.83935	-0.618587	0.272749	-0.487821	0.552258
293	-62.5212	75.1888	-2.97509	0.346491	-0.56326	0.582797	-0.47226
294	-63.1772	75.8344	-0.235136	-0.316057	0.446775	-0.553783	0.627554
295	-60.1205	76.6549	-0.658297	0.510254	-0.425295	0.592399	-0.455883
296	-61.4315	74.1689	-1.83733	-0.310263	0.411767	-0.535395	0.668982
297	-55.2146	78.7324	8.17373	-0.355232	0.55201	-0.561642	0.50364
298	-49.6781	79.2153	1.76301	0.536927	-0.448591	0.544941	-0.462076
299	-51.581	76.9508	0.725777	-0.399935	0.342301	-0.535402	0.660475
300	-44.4667	76.9703	2.05783	-0.421025	0.528781	-0.537745	0.503944
301	-46.8341	77.4306	7.7115	-0.198692	0.363877	-0.627314	0.659236
302	-47.4558	78.3544	5.25134	-0.530768	0.54498	-0.412378	0.501225
303	-42.8968	77.5629	-1.30262	0.45647	-0.525018	0.589665	-0.410228
304	-37.2546	73.2872	4.02053	0.438368	-0.500307	0.586757	-0.461781
305	-39.0942	82.7854	2.24322	0.534724	-0.450835	0.532036	-0.477237
306	-34.6046	77.9233	5.50365	-0.418128	0.508831	-0.474612	0.583955
307	-28.1671	72.8301	-2.75768	-0.555228	0.346157	-0.512916	0.555711
308	-27.3649	75.7412	-1.1167	-0.51369	0.584019	-0.482831	0.40239
309	-25.3773	73.8126	-1.33492	0.406398	-0.503232	0.614806	-0.451234
310	-28.4646	73.4689	-1.54016	-0.415705	0.198212	-0.595467	0.658271
311	-26.3436	73.13	2.64048	-0.464957	0.500784	-0.317907	0.65724
312	-21.9501	76.2036	-0.292881	0.455688	-0.514309	0.582141	-0.43468
313	-23.1042	78.9553	1.77293	0.457381	-0.516944	0.556063	-0.462996
314	-18.4485	76.4362	8.14055	0.529037	-0.494416	0.503621	-0.47121
315	-18.2949	73.121	5.76491	-0.348222	0.624973	-0.428405	0.551923
316	-10.5773	74.7005	4.55403	0.64557	-0.419091	0.517967	-0.373246
317	-15.6336	72.9065	2.08403	-0.494381	0.308657	-0.601489	0.546378
318	-4.56483	77.5803	2.12125	-0.610174	0.368083	-0.411284	0.568373
319	-9.40466	79.3197	1.89194	0.36924	-0.573267	0.619841	-0.388361
320	-2.56542	78.2223	2.76849	-0.224848	0.561768	-0.580916	0.544424
321	-3.81373	77.536	0.343198	0.233399	-0.608828	0.661963	-0.369673
322	-1.32838	69.5381	3.37127	0.143921	-0.62376	0.73178	-0.2339
323	-2.4994	68.8588	6.28811	-0.055393	0.775513	-0.577653	0.248653
324	1.53053	72.5177	4.42345	-0.0554077	-0.686267	0.722147	-0.066872
325	1.67733	73.6564	4.02953	0.10007	-0.680187	0.71994	0.0949646
326	5.88457	70.8045	1.14005	0.164058	-0.574943	0.77843	0.191239
327	-1.29957	67.2912	5.5194	-0.16039	-0.59679	0.782367	0.0775754
328	-2.02924	62.0848	0.301735	0.230809	-0.577756	0.75786	-0.1964
329	4.7095	64.2624	5.51845	-0.042686	-0.613209	0.787772	0.0395963
330	-2.00754	57.3526	-0.203902	0.0595414	-0.678022	0.727823	-0.0837558
331	4.23802	54.6604	1.71728	-0.0317871	-0.597478	0.801236	-0.0054923
332	4.27776	55.6689	-0.523368	0.0452538	-0.686428	0.721504	-0.0787496
333	0.50599	54.7645	-0.239107	0.214784	-0.579284	0.785399	0.0380136
334	0.911166	53.9906	2.89804	-0.160628	-0.691654	0.704126	-0.00434612
335	2.81839	51.6012	3.23285	-0.0336236	-0.649692	0.755028	0.0818713
336	1.97812	45.2334	-0.852345	-0.0676991	-0.652355	0.754359	-0.0281394
337	0.496306	43.8174	6.75291	0.012314	-0.638861	0.763728	-0.0917812
338	-9.96492	44.5465	-2.77335	0.0158791	-0.699952	0.710936	0.066218
339	1.69617	38.2802	2.85479	-0.219741	-0.613617	0.75829	0.0135953
340	6.67635	39.833	3.48316	-0.047464	-0.651184	0.757417	-0.00511758
341	6.56235	37.17	4.11917	-0.0936283	-0.629	0.76872	-0.0682824
342	-0.357472	34.8802	2.47578	-0.0277811	0.722264	-0.690674	-0.0230873
343	-2.97148	38.2214	1.08846	-0.067652	-0.597752	0.79841	-0.0256423
344	-4.60496	25.0058	1.82464	0.0744818	-0.611966	0.778308	0.119107
345	-1.86055	26.3273	3.24863	-0.0995018	-0.630041	0.770047	-0.0132399
346	1.31284	26.017	0.85901	0.107514	-0.620326	0.767958	-0.117803
347	-2.27314	29.5169	-0.507854	-0.0621689	0.729214	-0.681449	0.00308964
348	4.80383	24.7774	0.926177	-0.0729116	-0.641456	0.74827	0.152677
349	2.14917	16.9162	3.84289	0.0380006	-0.643938	0.761672	0.0612811
350	2.41247	20.6455	4.86989	0.074411	-0.575443	0.811163	0.073099
351	-3.73585	26.1515	8.62953	0.0913161	-0.662145	0.739481	0.0799653
352	2.92433	21.7407	4.4872	0.0958635	0.73252	-0.659985	0.136543
353	4.55996	12.0298	7.63714	-0.253621	-0.554618	0.786849	-0.0945674
354	3.63619	17.989	6.18039	0.129426	-0.637515	0.759469	0.00547788
355	2.31208	8.89112	1.06342	0.00638568	0.815057	-0.579346	0.000377584
356	0.662487	7.84718	4.09314	-0.00122812	0.756151	-0.651553	-0.0609336
357	-0.00628337	9.31657	6.84805	-0.0371267	-0.695296	0.717597	-0.0154408
358	0.541915	9.76984	1.30517	-0.113632	-0.652608	0.74698	0.0566715
359	0.344739	6.22991	-0.344666	-0.0514476	-0.692797	0.718994	0.0208122
360	-1.76578	2.20706	6.55575	-0.12238	-0.622957	0.770869	-0.0520483
361	2.97636	-0.0294167	7.7813	-0.17021	0.724962	-0.66637	-0.0375595
362	1.92514	-6.9003	3.90643	-0.00819688	0.750096	-0.66124	-0.00709354
363	5.49449	0.113608	4.44743	-0.0309607	-0.580626	0.808068	0.0945585
364	3.69513	-3.03155	5.8834	-0.113002	-0.668466	0.727499	-0.105493
365	1.14836	-4.61517	4.39272	-0.241567	-0.520992	0.705164	0.41588
366	-6.40535	-7.60043	2.08386	0.215452	0.643796	-0.643572	-0.353444
367	2.99936	-6.6531	-0.0517305	-0.16126	-0.577992	0.731729	0.323254
368	-6.5483	-9.94511	1.52401	-0.436509	-0.47364	0.608417	0.463631
369	-0.305228	-8.21287	5.48952	-0.561558	-0.3841	0.508576	0.527702
370	-6.20089	-4.81263	4.84341	-0.476536	-0.309142	0.586109	0.577773
371	-8.13003	-5.16314	1.71203	-0.533969	-0.394489	0.656875	0.357451
372	-3.14128	-6.20591	5.41177	-0.476104	-0.226199	0.636524	0.563025
373	-12.2744	-8.48992	-1.51106	-0.387028	-0.359703	0.498019	0.687605
374	-10.0136	-15.4622	2.33882	-0.517104	-0.477502	0.554803	0.443608
375	-17.2734	-6.80958	0.078647	-0.222019	-0.582276	0.493782	0.606499
376	-16.1203	-10.8216	7.58739	-0.445719	-0.489773	0.51301	0.546148
377	-16.772	-6.50547	1.83229	-0.486133	-0.467295	0.542997	0.500464
378	-18.5206	-12.3373	7.75009	-0.388646	-0.443835	0.569835	0.57206
379	-25.1339	-8.29508	6.97264	-0.437754	-0.569576	0.365093	0.592167
380	-24.9156	-8.38978	-3.33198	-0.568226	-0.474167	0.385897	0.550789
381	-24.9969	-7.49724	7.37478	-0.52083	-0.529464	0.603334	0.290502
382	-25.0318	-1.88871	4.51778	-0.502351	-0.437142	0.497952	0.555513
383	-24.4457	-8.58299	5.32465	-0.457034	-0.387395	0.509563	0.617569
384	-31.6575	-5.60131	7.02408	-0.477644	-0.511798	0.420952	0.576818
385	-29.2559	-0.464758	6.39189	-0.519169	-0.505206	0.464369	0.509502
386	-32.8509	-7.31523	8.74757	0.43255	0.653858	-0.488661	-0.382858
387	-35.9709	-6.94814	3.17374	0.417687	0.587508	-0.519033	-0.459323
388	-32.4505	-10.1952	3.3742	0.575186	0.593513	-0.446853	-0.342383
389	-36.8088	-14.5378	5.24147	-0.474486	-0.363563	0.475789	0.64522
390	-34.7685	-11.4851	2.24022	-0.40745	-0.472771	0.537817	0.566768
391	-42.3002	-4.70304	12.8266	-0.448645	-0.379335	0.575376	0.569004
392	-36.8916	-6.09755	-0.560981	-0.394287	-0.420903	0.641736	0.505523
393	-40.9413	-9.84627	2.63192	-0.45639	-0.515054	0.486206	0.538546
394	-39.8038	-5.90916	1.07398	-0.505189	-0.464442	0.546359	0.480176
395	-39.2526	-8.39258	4.46435	-0.575073	-0.455373	0.381317	0.562604
396	-44.6179	-6.79848	4.68205	-0.590949	-0.473092	0.420193	0.5004
397	-47.6316	-11.7009	2.16563	-0.378164	-0.44742	0.541776	0.602732
398	-48.4383	-7.93553	-0.861716	-0.59475	-0.423997	0.332266	0.59674
399	-55.0905	-6.47839	0.0987069	-0.502222	-0.499608	0.511697	0.486139
400	-49.8741	-11.9196	1.94254	-0.216315	-0.581901	0.595316	0.510096
401	-51.8996	-2.0845	5.06189	-0.466479	-0.37937	0.568704	0.561295
402	-56.3194	0.3371	3.26619	-0.516956	-0.498788	0.609724	0.334969
403	-52.1245	-0.742135	8.65555	-0.328877	-0.465777	0.575541	0.586212
404	-53.0655	-1.14589	4.95282	0.595561	0.458787	-0.558739	-0.35019
405	-60.0085	-9.63255	1.36523	0.594725	0.442064	-0.487949	-0.461288
406	-59.1546	-9.48106	6.35321	-0.420347	-0.458888	0.618814	0.479374
407	-56.085	-4.69707	5.07306	-0.587816	-0.372716	0.495953	0.519217
408	-62.705	-2.76533	-1.89323	-0.463216	-0.495319	0.513799	0.525453
409	-65.1989	-6.46187	6.02063	-0.502149	-0.51302	0.522294	0.460288
410	-64.8099	-12.4147	1.38359	-0.328884	-0.35404	0.611565	0.626482
411	-65.8565	-7.24294	8.37715	-0.434495	-0.521126	0.467453	0.566683
412	-67.4569	-2.74957	1.73945	-0.361088	-0.531773	0.512575	0.569297
413	-67.7418	-0.529312	5.15594	0.654777	0.559927	-0.411549	-0.29728
414	-66.1719	-11.4626	3.0823	-0.473005	-0.491909	0.401087	0.611082
415	-67.0946	0.64499	6.01007	0.595656	0.425411	-0.47416	-0.489276
416	-73.1877	-3.61329	4.3408	-0.432794	-0.508947	0.48919	0.560674
417	-68.9048	-3.5518	-0.791009	0.541278	0.547616	-0.462079	-0.44002
418	-71.33	-9.99118	3.39699	0.727824	0.266414	-0.433905	-0.459372
419	-67.0739	-1.42835	-0.779177	-0.301146	-0.543091	0.58444	0.522296
420	-72.7832	-2.97882	2.75608	-0.401018	-0.513601	0.492123	0.577246
421	-72.9398	-5.20562	7.30882	-0.362141	-0.512258	0.46799	0.62244
422	-72.0103	-8.63139	7.30531	-0.401903	-0.302267	0.721032	0.476678
423	-77.217	-5.33579	3.12194	-0.437784	-0.484713	0.510193	0.559554
424	-78.0956	-5.07346	5.47944	-0.577686	-0.439449	0.634346	0.266025
425	-79.2199	-7.17064	5.55872	0.579213	0.46121	-0.504654	-0.443984
426	-82.5096	-5.96552	8.50623	-0.3202	-0.666994	0.384407	0.552107
427	-84.7943	-5.94878	5.06318	-0.487719	-0.400546	0.529878	0.5665
428	-85.5881	-7.95888	0.408209	-0.343632	-0.482431	0.536156	0.601427
429	-84.7508	-9.84501	4.24578	-0.364921	-0.578978	0.430445	0.588502
430	-81.4912	-12.4205	-0.355531	-0.481357	-0.303265	0.596535	0.566102
431	-81.0492	-5.43078	3.99803	-0.468395	-0.491773	0.656668	0.327953
432	-79.1345	-3.31613	4.51266	-0.454083	-0.296907	0.449275	0.709793
433	-86.0542	-6.23121	7.50572	-0.485538	-0.412692	0.521717	0.56723
434	-90.6635	-5.24082	3.51118	-0.468986	-0.366022	0.603951	0.5304
435	-88.8243	-11.9846	2.25432	0.435427	0.577391	-0.479707	-0.496894
436	-95.4611	-6.04581	5.33386	-0.515439	-0.467484	0.567571	0.440051
437	-88.3225	-2.85685	3.22471	-0.370827	-0.606603	0.426762	0.558922
438	-89.7745	-5.68352	2.57432	0.543499	0.575382	-0.383234	-0.476106
439	-88.4754	-5.06136	6.88757	-0.555504	-0.400404	0.516229	0.514392
440	-93.6516	-5.31211	4.93681	-0.49126	-0.240848	0.542162	0.637743
441	-96.7468	-9.32326	2.59113	-0.468324	-0.393396	0.558836	0.560013
442	-91.0682	-6.1568	3.29125	-0.45156	-0.399956	0.645939	0.467858
443	-95.8049	-4.80482	-0.12908	-0.455446	-0.5478	0.388171	0.584643
444	-97.7313	-8.77318	4.43758	-0.310444	-0.566574	0.556259	0.52268
445	-96.0709	-10.3438	-3.19244	-0.460225	-0.312893	0.501776	0.662202
446	-97.4761	-6.47509	0.856886	0.503238	0.548451	-0.484283	-0.459808
447	-100.508	-1.04045	-2.84374	-0.401347	-0.390404	0.417785	0.715515
448	-98.2159	-7.1386	1.15579	-0.339814	-0.41453	0.688403	0.488663
449	-99.2706	-8.47746	1.43958	-0.359522	-0.471366	0.551382	0.586972
450	-96.1809	-7.29576	3.79318	-0.435202	-0.592579	0.222327	0.640328
451	-93.348	-5.00322	4.48609	0.556711	0.525816	-0.492981	-0.412989
452	-101.339	-5.24775	1.27337	-0.542464	-0.446347	0.483674	0.522079
453	-105.493	-2.98493	0.236169	0.599941	0.498517	-0.486036	-0.394107
454	-100.629	-6.29066	4.61711	-0.270487	-0.492544	0.476549	0.67612
455	-95.5845	-5.51937	4.87557	-0.558378	-0.349987	0.584639	0.473202
456	-101.93	-2.80086	1.45389	-0.47504	-0.347017	0.634933	0.500776
457	-105.441	0.261439	-1.51833	-0.54482	-0.4036	0.479457	0.557134
458	-102.186	-8.9596	3.69143	-0.473375	-0.436504	0.407936	0.647278
459	-100.547	-5.50177	3.20796	-0.419282	-0.464847	0.562957	0.53963
460	-104.544	-3.97333	2.94403	-0.382519	-0.481184	0.541331	0.573674
461	-103.739	-8.49752	-4.51363	-0.426327	-0.333404	0.483886	0.687708
462	-104.711	-8.11389	1.09614	-0.550757	-0.371053	0.51967	0.537521
463	-102.333	-9.50971	0.95777	-0.426237	-0.547187	0.587335	0.417068
464	-107.726	-8.63409	7.08328	-0.343818	-0.529488	0.609839	0.479091
465	-102.741	-7.72752	3.76141	-0.544773	-0.378073	0.41519	0.622817
466	-109.33	-2.60553	1.24891	-0.545869	-0.401704	0.535195	0.504209
467	-109.253	-5.64654	4.74941	-0.34781	-0.297059	0.540138	0.706423
468	-107.608	-5.86188	5.55489	-0.363549	-0.354768	0.554872	0.658854
469	-104.277	-6.7434	2.24546	0.57716	0.501141	-0.423116	-0.486536
470	-106.518	-4.02677	7.45755	-0.373108	-0.339557	0.44329	0.740935
471	-109.096	-12.058	2.16656	-0.469666	-0.495141	0.54121	0.491266
472	-106.941	-7.09585	5.82688	0.534406	0.497007	-0.471923	-0.494655
473	-113.586	-7.88859	1.92959	0.632881	0.446729	-0.520083	-0.359733
474	-118.239	-2.23341	8.14904	-0.447311	-0.423484	0.606494	0.502732
475	-106.676	-6.30976	1.36461	0.524382	0.520705	-0.494046	-0.458048
476	-113.408	-5.26822	2.68532	-0.469215	-0.503338	0.528775	0.496876
477	-108.137	-2.73603	-0.702093	-0.414248	-0.420817	0.610754	0.527533
478	-111.374	-3.81821	-2.64353	-0.51648	-0.484518	0.452289	0.542148
479	-109.498	-9.85657	0.930294	-0.31259	-0.347912	0.671725	0.574483
480	-111.334	-3.78532	4.56455	0.517659	0.71098	-0.253264	-0.402982
481	-117.168	-5.4538	0.2372	-0.560179	-0.357445	0.540638	0.515891
482	-113.712	-10.9374	-1.11158	-0.444524	-0.486343	0.454039	0.599764
483	-114.108	-4.69736	-2.79621	-0.380986	-0.354966	0.528998	0.670082
484	-107.217	-5.40187	5.95455	-0.549073	-0.446591	0.566513	0.422064
485	-115.795	-10.5271	1.6957	-0.500329	-0.507996	0.311202	0.628303
486	-114.121	-8.01596	5.84056	-0.582973	-0.186074	0.544378	0.573736
487	-108.308	-5.52361	0.379534	-0.375522	-0.500989	0.557512	0.545137
488	-110.807	-5.3662	6.0223	-0.559104	-0.437527	0.47915	0.516128
489	-112.28	-6.07208	7.99804	-0.520477	-0.456532	0.509344	0.511127
490	-108.133	-4.21679	-2.86488	-0.249334	-0.46934	0.490078	0.690924
491	-120.537	-3.38705	1.2323	-0.391261	-0.536176	0.543903	0.513419
492	-112.771	-7.07045	-0.000257796	-0.478317	-0.369863	0.546311	0.57962
493	-110.63	-4.2295	1.15065	0.658403	0.408228	-0.476151	-0.416096
494	-116.148	-5.91189	-1.66729	-0.472627	-0.461852	0.614322	0.431189
495	-117.919	-8.21216	2.61501	-0.408705	-0.542745	0.558645	0.475714
496	-116.348	-7.66199	3.98434	-0.497656	-0.518893	0.371332	0.587538
497	-118.27	-7.72011	4.10341	-0.396931	-0.511249	0.54447	0.533501
498	-116.287	-8.58793	0.739676	-0.433993	-0.317368	0.531573	0.654491
499	-112.519	-5.95717	-0.363281	-0.380798	-0.493124	0.478082	0.619079
500	-113.114	-7.45953	-0.318329	-0.531858	-0.475895	0.489164	0.501368
