1	-28.2473	-7.18716	2.96468	0.525056	-0.471739	-0.477189	0.523517
2	-28.2426	-7.20528	2.95967	0.525091	-0.471628	-0.476726	0.524003
3	-28.2555	-7.19953	2.97509	0.525047	-0.471617	-0.477144	0.523676
4	-28.3021	-7.19591	2.97118	0.525124	-0.471676	-0.477019	0.52366
5	-28.3762	-7.22641	2.95802	0.524625	-0.471776	-0.476662	0.524394
6	-28.4465	-7.19393	2.94667	0.525601	-0.471354	-0.476572	0.523879
7	-28.5336	-7.22354	2.95753	0.52498	-0.471537	-0.476828	0.524103
8	-28.6044	-7.2362	2.95657	0.524783	-0.471574	-0.476675	0.524406
9	-28.8136	-7.18854	2.9049	0.526119	-0.47093	-0.476353	0.523939
10	-28.8606	-7.28729	2.95038	0.523942	-0.471962	-0.476282	0.525255
11	-28.9931	-7.29601	2.93426	0.524221	-0.472099	-0.475729	0.525353
12	-29.1259	-7.29862	2.94056	0.523938	-0.471696	-0.476272	0.525506
13	-29.2857	-7.33238	2.91006	0.523516	-0.471235	-0.476035	0.526554
14	-29.4455	-7.34336	2.90498	0.523813	-0.471572	-0.475541	0.526404
15	-29.625	-7.40339	2.88859	0.522994	-0.471757	-0.474804	0.527715
16	-30.5317	-7.37245	2.17912	0.532372	-0.46462	-0.463726	0.534478
17	-30.0122	-7.50316	2.85023	0.522084	-0.472142	-0.473787	0.529185
18	-30.2014	-7.55304	2.81936	0.521646	-0.472194	-0.473119	0.530167
19	-30.4266	-7.61265	2.79541	0.520984	-0.471971	-0.472624	0.531456
20	-30.6	-7.68368	2.74519	0.520774	-0.471472	-0.471484	0.533115
21	-30.8264	-7.76054	2.68334	0.520237	-0.471317	-0.470164	0.534938
22	-31.0749	-7.68654	2.85578	0.519672	-0.472782	-0.473303	0.531416
23	-31.315	-7.76082	2.83947	0.518631	-0.472857	-0.472527	0.533055
24	-31.5241	-7.82967	2.82346	0.517799	-0.472922	-0.472171	0.534119
25	-32.1104	-7.52722	2.90647	0.521666	-0.4726	-0.474802	0.528277
26	-32.4011	-7.54305	2.91842	0.521239	-0.47282	-0.474768	0.528532
27	-32.7227	-7.59923	2.93023	0.520147	-0.47303	-0.47498	0.529231
28	-33.0255	-7.63343	2.98277	0.519129	-0.473851	-0.475442	0.529079
29	-33.6169	-7.46726	2.82248	0.523691	-0.471397	-0.474138	0.527945
30	-34.0583	-7.45149	2.78758	0.524574	-0.47083	-0.47367	0.527994
31	-34.349	-7.51526	2.86777	0.522643	-0.472356	-0.474211	0.528061
32	-34.7443	-7.51988	2.84823	0.52286	-0.471678	-0.474332	0.528343
33	-35.1757	-7.54283	2.83426	0.522439	-0.472123	-0.474048	0.528617
34	-35.5883	-7.57016	2.83484	0.522374	-0.472216	-0.473707	0.528903
35	-36.0761	-7.57769	2.85055	0.522063	-0.472948	-0.473623	0.528631
36	-36.4934	-7.61378	2.82572	0.521836	-0.472448	-0.473389	0.529512
37	-36.9644	-7.65365	2.8319	0.520983	-0.47279	-0.473335	0.530095
38	-37.4306	-7.69046	2.81138	0.520704	-0.472414	-0.473108	0.530906
39	-37.9361	-7.76646	2.80674	0.51929	-0.472633	-0.472868	0.532309
40	-38.7255	-7.88572	2.74582	0.517784	-0.472956	-0.471328	0.534848
41	-39.0291	-7.91302	2.72869	0.517985	-0.472985	-0.470703	0.535178
42	-39.5547	-8.05288	2.6919	0.516387	-0.473818	-0.468872	0.537588
43	-39.9483	-8.17799	2.65879	0.514703	-0.473375	-0.468324	0.540064
44	-40.2435	-8.27595	2.61461	0.513736	-0.472956	-0.467816	0.541789
45	-40.4715	-8.34243	2.58187	0.514393	-0.473023	-0.466361	0.542361
46	-41.9913	-7.59143	2.53233	0.525927	-0.469676	-0.469035	0.5318
47	-42.2826	-7.99354	2.81019	0.515785	-0.474466	-0.471069	0.53567
48	-42.8638	-7.99026	2.80424	0.516031	-0.474317	-0.471159	0.535486
49	-43.4091	-8.00713	2.85128	0.515122	-0.474744	-0.471798	0.535419
50	-44.158	-7.90285	2.80051	0.517	-0.473989	-0.471426	0.534606
51	-44.8224	-7.8778	2.78514	0.517475	-0.473684	-0.47124	0.53458
52	-45.4781	-7.85786	2.80133	0.517374	-0.474121	-0.471459	0.534097
53	-46.203	-7.86962	2.7971	0.517205	-0.474135	-0.471293	0.534395
54	-46.8568	-7.83039	2.77199	0.517728	-0.473844	-0.471367	0.534081
55	-47.5546	-7.81209	2.7687	0.517674	-0.473375	-0.471667	0.534285
56	-48.2696	-7.72048	2.75209	0.519839	-0.473004	-0.47138	0.532763
57	-48.9697	-7.63805	2.7241	0.521562	-0.472387	-0.471351	0.531651
58	-49.6239	-7.47716	2.71333	0.524772	-0.471225	-0.471683	0.529223
59	-50.2254	-7.2712	2.64274	0.529134	-0.469392	-0.471606	0.52657
60	-50.7717	-7.00964	2.55712	0.534821	-0.466849	-0.471704	0.522985
61	-51.33	-6.67735	2.41744	0.54165	-0.462749	-0.471966	0.519353
62	-52.7381	-7.55106	2.71922	0.522893	-0.471882	-0.471672	0.530505
63	-53.5222	-7.57522	2.71883	0.522867	-0.471645	-0.471447	0.530942
64	-54.3547	-7.57812	2.72323	0.522551	-0.471721	-0.4718	0.530871
65	-55.2783	-7.57406	2.63482	0.523994	-0.471159	-0.47011	0.531447
66	-56.0343	-7.55007	2.70941	0.523468	-0.471318	-0.471362	0.530715
67	-56.877	-7.59144	2.73054	0.522679	-0.471697	-0.471696	0.530858
68	-57.7512	-7.60872	2.74088	0.522167	-0.471795	-0.471805	0.531179
69	-58.641	-7.61068	2.7468	0.522172	-0.471811	-0.471868	0.531104
70	-59.5292	-7.61629	2.75345	0.522496	-0.471974	-0.4716	0.530878
71	-60.4317	-7.59815	2.75139	0.522679	-0.471576	-0.472055	0.530648
72	-61.335	-7.60277	2.7629	0.522389	-0.471746	-0.472128	0.530717
73	-62.2832	-7.6092	2.76647	0.522327	-0.471645	-0.472314	0.530703
74	-63.2256	-7.62276	2.77846	0.522006	-0.47191	-0.472175	0.530906
75	-64.1839	-7.62777	2.7738	0.522336	-0.472203	-0.471974	0.5305
76	-65.1579	-7.6185	2.78608	0.521791	-0.471583	-0.472783	0.530867
77	-66.1238	-7.59035	2.77467	0.521803	-0.472477	-0.47165	0.531068
78	-67.1627	-7.57651	2.79077	0.519721	-0.474168	-0.470514	0.532608
79	-68.1634	-7.53597	2.78138	0.519407	-0.474622	-0.469454	0.533444
80	-69.1956	-7.53826	2.81629	0.51777	-0.475802	-0.469594	0.533862
81	-70.2274	-7.54098	2.78672	0.51737	-0.475935	-0.468446	0.535137
82	-71.2583	-7.51208	2.82416	0.516979	-0.476584	-0.468416	0.534964
83	-72.335	-7.49187	2.81875	0.516651	-0.476982	-0.46806	0.535238
84	-73.3807	-7.46229	2.84173	0.51626	-0.476937	-0.468527	0.535247
85	-74.4857	-7.43985	2.81359	0.516572	-0.477113	-0.467927	0.535313
86	-75.5925	-7.41699	2.8369	0.51627	-0.477645	-0.467939	0.53512
87	-76.71	-7.39494	2.82816	0.516254	-0.477611	-0.468122	0.535006
88	-77.8174	-7.4098	2.81996	0.515631	-0.47738	-0.46819	0.535752
89	-78.9631	-7.37428	2.82277	0.515538	-0.477081	-0.46847	0.535864
90	-80.1063	-7.35876	2.82308	0.515492	-0.477187	-0.468556	0.535739
91	-81.2517	-7.3474	2.83744	0.515807	-0.477709	-0.468147	0.535328
92	-82.4047	-7.30961	2.8343	0.516027	-0.477415	-0.468415	0.535143
93	-83.5877	-7.28095	2.83763	0.515991	-0.477492	-0.468646	0.534907
94	-84.7561	-7.22988	2.8514	0.516729	-0.47768	-0.468899	0.533804
95	-85.9716	-7.2231	2.83786	0.516347	-0.477308	-0.468748	0.534638
96	-87.2035	-7.19984	2.8301	0.516425	-0.477434	-0.4689	0.534317
97	-88.4349	-7.21665	2.8392	0.515646	-0.477638	-0.468941	0.534851
98	-89.6459	-7.20973	2.83332	0.515657	-0.477934	-0.468515	0.53495
99	-90.8915	-7.20803	2.80023	0.515467	-0.477442	-0.46818	0.535865
100	-92.1025	-7.27247	2.80124	0.514181	-0.478162	-0.467366	0.537166
101	-93.2698	-7.53502	2.62591	0.511605	-0.477788	-0.462098	0.544467
102	-94.7304	-7.13886	2.79858	0.515865	-0.477838	-0.467675	0.535568
103	-96.0529	-7.13456	2.80207	0.515222	-0.477959	-0.467908	0.535877
104	-97.389	-7.09221	2.76899	0.516261	-0.477193	-0.467464	0.535947
105	-98.701	-7.05398	2.80447	0.515719	-0.477944	-0.467938	0.535386
106	-100.053	-7.00935	2.80023	0.51584	-0.477497	-0.468172	0.535464
107	-101.382	-6.97598	2.82563	0.515997	-0.477932	-0.468557	0.534586
108	-102.749	-6.94746	2.80937	0.516081	-0.477719	-0.468463	0.534778
109	-104.119	-6.90184	2.80004	0.516392	-0.477444	-0.468555	0.534643
110	-105.523	-6.87173	2.81966	0.516559	-0.478199	-0.468549	0.533811
111	-106.923	-6.84486	2.80766	0.516252	-0.477374	-0.469011	0.534439
112	-108.389	-6.78835	2.7764	0.518255	-0.476768	-0.469022	0.533032
113	-109.779	-6.90405	2.73434	0.571946	-0.424146	-0.515628	0.476556
114	-111.017	-7.11499	2.56518	0.646656	-0.336153	-0.571287	0.377451
115	-112.201	-8.50793	2.74782	0.690474	-0.243532	-0.62297	0.275402
116	-113.027	-9.63577	2.75407	0.720797	-0.15782	-0.648164	0.188224
117	-113.552	-10.9648	2.75842	0.733895	-0.100582	-0.660277	0.123755
118	-113.901	-12.3696	2.71139	0.740667	-0.0600909	-0.664485	0.0791309
119	-114.123	-13.8095	2.72023	0.742964	-0.0320407	-0.666989	0.0458753
120	-114.174	-15.3168	2.72542	0.744062	-0.0113923	-0.667639	0.0223808
121	-114.124	-16.8863	2.85908	0.741832	-0.00119624	-0.670435	0.0141662
122	-114.437	-18.219	2.57333	0.746612	0.000687729	-0.665239	0.00522365
123	-114.346	-19.7956	2.74189	0.744052	0.000480874	-0.668074	0.00803944
124	-114.309	-21.3709	2.74058	0.744143	-0.000464785	-0.667962	0.00878143
125	-114.322	-22.9301	2.76214	0.743833	-0.00037781	-0.668307	0.00884378
126	-114.334	-24.5096	2.72435	0.744484	-0.000581337	-0.667588	0.00828651
127	-114.317	-26.1243	2.72488	0.744292	-0.00071751	-0.667796	0.00879244
128	-114.253	-27.6601	2.69929	0.744474	-0.00202269	-0.667583	0.00931745
129	-114.009	-29.1388	2.60757	0.745755	-0.00326039	-0.666029	0.0156097
130	-114.063	-30.5844	2.6325	0.745329	-0.00300622	-0.666549	0.0137312
131	-114.324	-32.5627	2.7305	0.744056	-0.00201567	-0.668066	0.00800488
132	-114.383	-34.2496	2.71824	0.744397	-0.00153822	-0.6677	0.00695163
133	-114.406	-35.8603	2.72133	0.744322	-0.0019407	-0.667791	0.00600283
134	-114.383	-37.5193	2.73347	0.744128	-0.00195397	-0.668003	0.00642564
135	-114.4	-39.2178	2.69768	0.744825	-0.00138452	-0.667222	0.00696514
136	-114.442	-40.8238	2.71025	0.744449	-0.000882773	-0.667656	0.00552748
137	-114.389	-42.6479	2.71705	0.744326	-0.00103136	-0.667783	0.00667018
138	-114.377	-44.3555	2.71337	0.744389	-0.00180192	-0.667715	0.00628064
139	-114.398	-46.0288	2.70345	0.744786	-0.00187045	-0.667279	0.00540364
140	-114.406	-47.7294	2.71577	0.744475	-0.00129547	-0.667626	0.00557954
141	-114.404	-49.4812	2.6961	0.744956	-0.00128296	-0.667089	0.00548487
142	-114.419	-51.1915	2.68583	0.745145	-0.00217303	-0.666885	0.00438024
143	-114.372	-52.9119	2.71363	0.744947	-0.00190467	-0.667097	0.00565126
144	-114.37	-54.6657	2.74507	0.744569	-0.00248116	-0.66752	0.00521297
145	-114.366	-56.4223	2.72211	0.744882	-0.00204942	-0.66717	0.0054953
146	-114.335	-58.134	2.77217	0.744181	-0.00245175	-0.667945	0.00611183
147	-114.335	-59.9867	2.77799	0.744042	-0.00186848	-0.668096	0.00682338
148	-114.335	-61.739	2.78748	0.743692	-0.00103167	-0.668475	0.00783225
149	-114.366	-63.521	2.79666	0.743687	-0.000619181	-0.66849	0.00703164
150	-114.35	-65.3382	2.79152	0.743747	-0.000505127	-0.668414	0.00795575
151	-114.343	-67.2106	2.79735	0.743506	-0.000802906	-0.668682	0.00785994
152	-114.301	-69.0318	2.82859	0.742783	0.000255986	-0.66946	0.00988097
153	-114.339	-70.9187	2.87179	0.742141	0.000719733	-0.670179	0.00927922
154	-114.322	-72.7692	2.85544	0.742316	-0.00255879	-0.669915	0.0132247
155	-114.365	-74.6204	2.86891	0.740695	-0.0295379	-0.669814	0.042988
156	-114.618	-76.5181	2.83529	0.737513	-0.0679324	-0.666421	0.0856844
157	-115.236	-78.3654	2.86508	0.727378	-0.126149	-0.658196	0.147601
158	-116.186	-80.0416	2.84143	0.700261	-0.21348	-0.634221	0.248646
159	-117.56	-81.2833	2.82194	0.640609	-0.331256	-0.58025	0.378416
160	-119.287	-81.9141	2.84309	0.560884	-0.433147	-0.508396	0.48921
161	-121.186	-81.9695	2.84542	0.521818	-0.471291	-0.47308	0.530835
162	-123.13	-81.99	2.83052	0.522201	-0.471593	-0.472487	0.530718
163	-125.034	-82.0121	2.84518	0.520965	-0.471594	-0.473059	0.531423
164	-126.994	-82.0494	2.86805	0.51997	-0.471973	-0.473083	0.532039
165	-128.964	-82.0658	2.85098	0.520078	-0.471816	-0.47282	0.532306
166	-130.934	-82.014	2.87073	0.520976	-0.472314	-0.473269	0.530584
167	-132.862	-82.0058	2.87355	0.520069	-0.471347	-0.474372	0.531349
168	-134.867	-82.0409	2.86264	0.520011	-0.471975	-0.47362	0.531519
169	-136.872	-82.0838	2.87818	0.519466	-0.472793	-0.473396	0.531524
170	-138.929	-82.0876	2.83911	0.519994	-0.472384	-0.473019	0.531707
171	-140.88	-82.0398	2.87676	0.520706	-0.472971	-0.473472	0.530083
172	-142.936	-82.0324	2.8874	0.520168	-0.472561	-0.474497	0.530061
173	-144.95	-82.0549	2.87076	0.520275	-0.472809	-0.473727	0.530423
174	-147.009	-82.0855	2.84103	0.520426	-0.472978	-0.473102	0.530682
175	-149.009	-82.1147	2.82953	0.520316	-0.473422	-0.472448	0.530976
176	-151.142	-82.0648	2.80203	0.521542	-0.472708	-0.472455	0.530403
177	-153.198	-82.059	2.75503	0.522151	-0.472391	-0.471862	0.530613
178	-155.25	-82.0438	2.73599	0.52269	-0.471507	-0.472361	0.530426
179	-157.312	-82.0065	2.72254	0.514246	-0.478479	-0.465087	0.538797
180	-159.326	-81.7663	2.72969	0.454344	-0.525677	-0.411138	0.590085
181	-161.293	-80.8496	2.75477	0.331608	-0.595874	-0.301102	0.666563
182	-162.613	-79.2359	2.77958	0.14259	-0.65436	-0.132357	0.730728
183	-163.108	-77.1962	2.83719	0.00254076	-0.668928	-0.00711283	0.743289
184	-163.11	-75.166	2.83466	-0.00583067	-0.668554	0.000799346	0.74364
185	-163.075	-73.0037	2.80303	-0.00392137	-0.668051	0.00142349	0.744104
186	-163.093	-70.9183	2.77597	-0.00533977	-0.667645	0.000506326	0.744461
187	-163.125	-68.7882	2.82516	-0.00626895	-0.668458	0.000649447	0.743724
188	-163.129	-66.7065	2.80747	-0.0053383	-0.667815	0.00109685	0.744307
189	-163.147	-64.5884	2.82346	-0.00577748	-0.668403	0.000732319	0.743777
190	-163.174	-62.406	2.81769	-0.00673819	-0.668303	-3.11978e-05	0.743859
191	-163.134	-60.2272	2.77945	-0.00505407	-0.667695	0.000948369	0.744417
192	-163.136	-58.0371	2.76029	-0.0042103	-0.667297	0.00221087	0.744777
193	-163.154	-55.8997	2.7327	-0.00384799	-0.666871	0.00209783	0.74516
194	-163.262	-53.7432	2.745	-0.00724244	-0.666864	0.00211554	0.745141
195	-163.244	-51.574	2.75937	-0.00704214	-0.667111	0.00175479	0.744923
196	-163.263	-49.4345	2.80604	-0.00712492	-0.668112	0.00274512	0.744022
197	-163.233	-47.1972	2.80682	-0.00650702	-0.668035	0.00256782	0.744097
198	-163.257	-44.955	2.78114	-0.00654733	-0.667479	0.00282778	0.744595
199	-163.222	-42.701	2.77979	-0.00656485	-0.667188	0.00212824	0.744857
200	-163.244	-40.5157	2.78419	-0.00753112	-0.667245	0.00251113	0.744796
201	-163.239	-38.3374	2.81978	-0.00773099	-0.66792	0.00231923	0.744189
202	-163.232	-36.167	2.82076	-0.00799151	-0.66793	0.002486	0.744177
203	-163.262	-33.8222	2.84611	-0.00961183	-0.668124	0.00187595	0.743986
204	-163.329	-31.5875	2.87358	-0.0105614	-0.668615	0.00338165	0.743526
205	-163.311	-29.4451	2.88623	-0.010352	-0.668709	0.00377146	0.743443
206	-163.24	-27.1437	2.89003	-0.00945203	-0.669018	0.00274442	0.743181
207	-163.261	-24.9156	2.87943	-0.0105429	-0.668961	0.00258071	0.743218
208	-163.131	-22.6045	2.86239	-0.00836356	-0.669016	0.000924547	0.7432
209	-163.121	-20.2943	2.84441	-0.00834351	-0.668833	0.000349635	0.743366
210	-163.052	-17.9036	2.77356	-0.00725555	-0.667545	-0.00124887	0.744533
211	-163.041	-15.7049	2.77754	-0.00602237	-0.667555	-0.000648403	0.744535
212	-162.968	-13.5789	2.83202	-0.00412716	-0.66851	-0.00120049	0.743691
213	-162.999	-11.2565	2.80136	-0.00451243	-0.667946	-0.00145054	0.744195
214	-163.023	-8.97429	2.77266	-0.00405926	-0.667423	-0.000355542	0.744668
215	-162.982	-6.75511	2.7633	-0.00240692	-0.667267	-0.000834699	0.744814
216	-163.036	-4.49037	2.80602	-0.00206237	-0.667932	0.000476076	0.744219
217	-163.09	-2.11395	2.81633	-0.00134025	-0.66803	0.00221176	0.74413
218	-163.101	0.163665	2.78198	-0.00185935	-0.667761	0.00159534	0.744372
219	-163.126	2.56083	2.76013	-0.00294119	-0.667357	0.000579827	0.744732
220	-163.15	4.8017	2.76948	-0.00289148	-0.667588	0.00094055	0.744525
221	-163.134	7.09933	2.79773	-0.00171609	-0.668137	0.000701256	0.744036
222	-163.178	9.46003	2.7741	-0.00247592	-0.667778	0.000809959	0.744356
223	-163.254	11.7719	2.79588	-0.00328956	-0.668197	0.00171231	0.743975
224	-163.239	14.0533	2.78328	-0.00239944	-0.667779	0.00169295	0.744354
225	-163.201	16.4003	2.78698	-0.00273235	-0.667781	0.000112337	0.744353
226	-163.292	18.6755	2.81252	-0.00323098	-0.668472	0.00214669	0.743727
227	-163.299	20.9706	2.81209	-0.00467097	-0.668626	0.000764244	0.743584
228	-163.325	23.2921	2.8003	-0.00556718	-0.668073	0.000444097	0.744074
229	-163.364	25.6673	2.79113	-0.00603027	-0.668166	0.00125998	0.743987
230	-163.377	27.9468	2.8599	-0.00691951	-0.669285	0.000988351	0.742972
231	-163.395	30.3913	2.80401	-0.00707541	-0.668344	0.00187069	0.743816
232	-163.376	32.6948	2.84924	-0.00648669	-0.669345	0.0015485	0.742921
233	-163.326	34.9969	2.84715	-0.00621014	-0.669157	0.000290012	0.743095
234	-163.328	37.3088	2.80604	-0.00576667	-0.668331	0.000627341	0.743841
235	-163.295	39.5912	2.82774	-0.00561816	-0.668963	-0.000308674	0.743275
236	-163.36	41.92	2.80091	-0.00638716	-0.66835	0.000559875	0.743819
237	-163.383	44.3794	2.71403	-0.00727334	-0.66674	0.000376647	0.745254
238	-163.374	46.7898	2.71249	-0.0069555	-0.666608	-0.000491986	0.745376
239	-163.371	49.1343	2.72737	-0.00639702	-0.666742	0.000458322	0.745261
240	-163.378	51.4069	2.75237	-0.00543574	-0.667299	0.00124917	0.744769
241	-163.383	53.7603	2.78467	-0.00580524	-0.667767	0.000810657	0.744348
242	-163.386	56.1073	2.77186	-0.00568264	-0.667464	0.000991589	0.74462
243	-163.386	58.5966	2.74476	-0.00647072	-0.667017	1.94596e-05	0.745014
244	-163.338	60.9841	2.75094	-0.00549486	-0.667156	-0.00071769	0.744897
245	-163.386	63.2803	2.74812	-0.00713866	-0.667094	-0.000636805	0.744939
246	-163.426	65.6417	2.72782	-0.00820052	-0.6667	-0.000327975	0.745281
247	-163.415	67.9885	2.71586	-0.00838879	-0.666071	-0.00104725	0.74584
248	-163.376	70.3107	2.74007	-0.00741518	-0.666523	-0.00156502	0.745446
249	-163.342	72.6756	2.74995	-0.0118702	-0.666662	0.00217327	0.745262
250	-162.962	75.0152	2.65787	-0.149432	-0.652243	0.123136	0.732862
251	-161.467	76.922	2.763	-0.36443	-0.583012	0.323635	0.650036
252	-159.321	77.6066	2.81588	-0.503378	-0.497212	0.446806	0.547499
253	-157	77.6806	2.79478	-0.532727	-0.471305	0.473552	0.519444
254	-154.6	77.6876	2.82719	-0.532279	-0.471361	0.474487	0.518998
255	-152.265	77.72	2.81953	-0.532798	-0.470735	0.475243	0.518342
256	-149.944	77.687	2.82979	-0.532509	-0.471298	0.474994	0.518356
257	-147.499	77.6558	2.79625	-0.53229	-0.470237	0.474989	0.519548
258	-145.222	77.6707	2.80632	-0.532322	-0.470359	0.475555	0.518886
259	-142.835	77.6186	2.79668	-0.531834	-0.470644	0.474983	0.519652
260	-140.545	77.6332	2.78133	-0.53261	-0.470753	0.47467	0.519044
261	-138.1	77.6404	2.78699	-0.532347	-0.470256	0.475362	0.519131
262	-135.811	77.6045	2.77107	-0.532678	-0.470103	0.474963	0.519295
263	-133.415	77.6211	2.77591	-0.532909	-0.469971	0.475526	0.518662
264	-131.099	77.5735	2.77278	-0.532696	-0.470739	0.474976	0.518688
265	-128.789	77.549	2.7543	-0.53227	-0.469743	0.475197	0.519824
266	-126.466	77.5301	2.7793	-0.531847	-0.470169	0.475413	0.519675
267	-124.099	77.4819	2.75637	-0.530916	-0.469699	0.475296	0.521157
268	-121.808	77.5	2.76283	-0.531363	-0.470201	0.475306	0.52024
269	-119.467	77.4845	2.72888	-0.531501	-0.469343	0.474911	0.521233
270	-117.125	77.5182	2.76047	-0.53166	-0.469411	0.476003	0.520011
271	-114.762	77.5001	2.76226	-0.532013	-0.470029	0.475588	0.519471
272	-112.39	77.4636	2.71074	-0.532315	-0.469778	0.474628	0.520266
273	-110.055	77.3947	2.71408	-0.531324	-0.470423	0.473987	0.521281
274	-107.729	77.3022	2.70643	-0.530095	-0.47107	0.472923	0.522911
275	-105.414	77.2642	2.71496	-0.529039	-0.471508	0.47264	0.523841
276	-103.085	77.2943	2.7294	-0.529322	-0.47128	0.473187	0.523265
277	-100.818	77.3461	2.73738	-0.529268	-0.469983	0.47447	0.523326
278	-98.4852	77.3868	2.74873	-0.530341	-0.470674	0.474096	0.521955
279	-96.1439	77.445	2.71223	-0.532007	-0.47021	0.47426	0.520527
280	-93.8397	77.4021	2.70233	-0.531018	-0.469904	0.474205	0.521862
281	-91.4941	77.4398	2.68629	-0.532645	-0.470383	0.473412	0.52049
282	-89.2339	77.4513	2.73189	-0.532251	-0.470922	0.473646	0.520193
283	-86.9556	77.4213	2.71045	-0.531754	-0.470605	0.473638	0.520995
284	-84.6081	77.4045	2.67839	-0.532077	-0.470308	0.473018	0.521496
285	-82.3142	77.4523	2.72068	-0.53233	-0.47033	0.474098	0.520237
286	-80.0329	77.4393	2.69418	-0.53228	-0.46973	0.47374	0.521155
287	-77.7245	77.4478	2.69647	-0.532316	-0.46949	0.474046	0.521055
288	-75.4489	77.449	2.69582	-0.532968	-0.469013	0.474086	0.520782
289	-73.1759	77.4289	2.70561	-0.53226	-0.469277	0.474043	0.521307
290	-70.8734	77.4091	2.73009	-0.532436	-0.46956	0.47402	0.520894
291	-68.5367	77.3457	2.71012	-0.531727	-0.469617	0.473365	0.52216
292	-66.3091	77.3247	2.73407	-0.531737	-0.470163	0.473313	0.521706
293	-64.0707	77.3988	2.68112	-0.533993	-0.469479	0.472501	0.520753
294	-61.82	77.342	2.72201	-0.531945	-0.469809	0.473156	0.521956
295	-59.5557	77.4241	2.72101	-0.533336	-0.469142	0.473724	0.520619
296	-57.3095	77.4383	2.72183	-0.533691	-0.469284	0.473948	0.519923
297	-55.0994	77.3736	2.73588	-0.53162	-0.468556	0.474987	0.521749
298	-52.8178	77.3411	2.73717	-0.531879	-0.469127	0.474286	0.52161
299	-50.6392	77.3709	2.74098	-0.532555	-0.468844	0.474655	0.520839
300	-48.4707	77.2545	2.68931	-0.53108	-0.468093	0.473707	0.523874
301	-46.3594	77.0735	2.84786	-0.52515	-0.470963	0.47597	0.525227
302	-44.0754	77.2482	2.7954	-0.529848	-0.470008	0.474892	0.522332
303	-41.8472	77.2654	2.80869	-0.529214	-0.469305	0.476304	0.522321
304	-39.6379	77.261	2.80213	-0.529159	-0.469013	0.476095	0.522829
305	-37.4194	77.2832	2.78828	-0.529677	-0.468375	0.47622	0.522764
306	-35.2385	77.3265	2.77113	-0.530984	-0.468059	0.476062	0.521864
307	-33.0593	77.2876	2.76883	-0.530135	-0.4675	0.476198	0.523102
308	-30.9257	77.2489	2.80626	-0.529144	-0.4683	0.476583	0.523039
309	-28.6907	77.2754	2.80622	-0.529845	-0.468568	0.476641	0.522036
310	-26.582	77.2512	2.79548	-0.529477	-0.46854	0.476392	0.522662
311	-24.4027	77.2706	2.80494	-0.530509	-0.469083	0.475949	0.52153
312	-22.3216	77.2427	2.80411	-0.529917	-0.469591	0.476027	0.521603
313	-20.1889	77.2279	2.81524	-0.529325	-0.469661	0.476316	0.521878
314	-18.0377	77.2312	2.78383	-0.529475	-0.46916	0.476114	0.522361
315	-15.9276	77.2636	2.8149	-0.530697	-0.470517	0.475846	0.520139
316	-13.9348	77.1802	2.82455	-0.529411	-0.470858	0.475547	0.521413
317	-11.8197	77.1553	2.84461	-0.528242	-0.470953	0.475814	0.52227
318	-9.66696	77.182	2.81717	-0.529161	-0.470496	0.475756	0.521804
319	-7.64326	77.1227	2.847	-0.527167	-0.470906	0.475904	0.523314
320	-5.53728	77.1607	2.82419	0.549985	0.449659	-0.495994	-0.499313
321	-3.41914	76.5302	2.80886	0.641398	0.338838	-0.578995	-0.37224
322	-1.85762	75.1554	2.71353	0.70752	0.215589	-0.632948	-0.228722
323	-0.818781	73.3917	2.68661	0.733449	0.128178	-0.655002	-0.128821
324	-0.269835	71.572	2.75637	0.741104	0.0754786	-0.663596	-0.0686148
325	-0.0116414	69.5148	2.74114	0.744257	0.0403564	-0.665856	-0.0329862
326	0.126165	67.515	2.76887	0.744698	0.0172138	-0.66715	-0.00629549
327	0.189885	65.4649	2.77447	0.744804	0.00898645	-0.667222	0.00136286
328	0.248793	63.3713	2.75181	0.745013	0.00839343	-0.666996	0.000972347
329	0.280587	61.4389	2.78778	0.744537	0.00797217	-0.667534	0.000496898
330	0.29087	59.4028	2.79201	0.744621	0.00823563	-0.667437	-0.000617017
331	0.387616	57.4377	2.78235	0.744762	0.00738221	-0.667289	0.000292634
332	0.461845	55.4592	2.81274	0.744019	0.00602815	-0.668131	0.000403182
333	0.50941	53.4729	2.82885	0.744047	0.00610407	-0.668099	0.000813015
334	0.537354	51.5269	2.84349	0.743844	0.00555229	-0.668331	0.000208162
335	0.638303	49.6156	2.86439	0.74328	0.00524605	-0.668957	0.00198284
336	0.689251	47.586	2.8774	0.743025	0.00545037	-0.669238	0.00229221
337	0.693753	45.5962	2.83335	0.743844	0.00452308	-0.668338	0.000806509
338	0.748864	43.6413	2.84264	0.743618	0.0051573	-0.668582	0.00209512
339	0.800827	41.7062	2.85278	0.743494	0.0040729	-0.668728	0.00173083
340	0.835535	39.7752	2.84649	0.743514	0.00449285	-0.668703	0.00175413
341	0.844362	37.7745	2.86995	0.743153	0.00465131	-0.669102	0.00212981
342	0.896678	35.8477	2.86048	0.743397	0.00490957	-0.668827	0.00275987
343	0.884123	33.955	2.83781	0.743698	0.00586114	-0.668485	0.00244475
344	0.935053	32.0565	2.84499	0.743463	0.00549512	-0.66875	0.00245215
345	0.954752	30.1457	2.79244	0.744503	0.00529705	-0.667596	0.0017118
346	0.972023	28.2938	2.79745	0.744363	0.00493669	-0.667756	0.00125339
347	1.01015	26.4134	2.76537	0.745032	0.0047511	-0.667009	0.00173978
348	1.03201	24.5229	2.78842	0.744955	0.00433355	-0.6671	0.00127264
349	1.09587	22.6673	2.80802	0.744372	0.00351925	-0.667753	0.00202678
350	1.14445	20.8505	2.81237	0.744089	0.00366572	-0.668064	0.00299327
351	1.16863	19.016	2.83393	0.743473	0.00370167	-0.668745	0.00376095
352	1.17907	17.2018	2.81489	0.743919	0.00318624	-0.668256	0.00287988
353	1.2183	15.3554	2.80789	0.744127	0.00359966	-0.668017	0.00390144
354	1.24089	13.6434	2.82873	0.743591	0.00434762	-0.668607	0.00418104
355	1.19323	11.8645	2.84712	0.743498	0.00375919	-0.668726	0.00110961
356	1.16372	10.0809	2.83014	0.743579	0.00450988	-0.668633	-5.46787e-05
357	1.20028	8.40562	2.82933	0.743505	0.00491482	-0.668712	0.000134951
358	1.26076	6.55689	2.78485	0.743963	0.00491153	-0.668201	0.00172544
359	1.31339	4.83009	2.79762	0.743811	0.00529619	-0.668365	0.00235224
360	1.30276	3.11755	2.80315	0.743674	0.00603597	-0.668513	0.00168888
361	1.31577	1.39983	2.81547	0.74339	0.00565137	-0.668834	0.000777221
362	1.36283	-0.368779	2.76229	0.744235	0.00618518	-0.667887	0.00168077
363	1.42868	-2.04341	2.82858	0.74293	0.00629281	-0.669331	0.00332389
364	1.29323	-3.69403	2.83851	0.737683	-0.0719171	-0.665544	0.0877658
365	0.641782	-5.26975	2.8394	0.706391	-0.2002	-0.638701	0.230203
366	-0.552618	-6.37249	2.83079	0.647932	-0.320499	-0.587083	0.364415
367	-1.95335	-7.00326	2.79799	0.594183	-0.396343	-0.537436	0.448354
368	-3.52101	-7.32865	2.80383	0.555055	-0.439418	-0.502548	0.496257
369	-5.15865	-7.41739	2.81893	0.528215	-0.466493	-0.477918	0.524373
370	-6.79871	-7.41702	2.82672	0.519064	-0.475156	-0.469334	0.53341
371	-8.40513	-7.39098	2.80736	0.519345	-0.474645	-0.469166	0.533738
372	-9.9698	-7.352	2.81755	0.519384	-0.474868	-0.469465	0.533239
373	-11.5535	-7.30551	2.79242	0.520581	-0.474625	-0.468646	0.533008
374	-13.1333	-7.25514	2.82639	0.520468	-0.474721	-0.46968	0.532123
375	-14.7497	-7.21659	2.8455	0.520378	-0.474648	-0.470007	0.531986
376	-16.2632	-7.22554	2.86774	0.520089	-0.47495	-0.469932	0.532066
377	-17.8173	-7.19066	2.91993	0.519118	-0.47514	-0.471427	0.531521
378	-19.3384	-7.14952	2.91734	0.519878	-0.475059	-0.471342	0.530925
379	-20.8378	-7.08505	2.96618	0.519977	-0.475037	-0.472708	0.529633
380	-22.3734	-7.06785	2.93984	0.520066	-0.474805	-0.472504	0.529935
381	-23.8903	-7.04617	2.94342	0.520444	-0.474788	-0.472511	0.529573
382	-25.3637	-7.01737	2.96558	0.52063	-0.474637	-0.473371	0.528757
383	-26.9039	-7.05414	2.9813	0.520013	-0.475547	-0.473288	0.52862
384	-28.3841	-7.15145	2.96431	0.51889	-0.476737	-0.471829	0.529954
385	-29.7882	-7.35249	2.8945	0.516299	-0.477166	-0.469872	0.533824
386	-31.2712	-7.33546	2.88361	0.516674	-0.477198	-0.469608	0.533665
387	-32.628	-7.42459	2.92274	0.514901	-0.478199	-0.469482	0.534592
388	-34.1648	-7.32006	2.86844	0.516533	-0.477038	-0.469607	0.533946
389	-35.5945	-7.37401	2.84549	0.516096	-0.477367	-0.46867	0.534896
390	-36.993	-7.46343	2.83419	0.51432	-0.477803	-0.468291	0.536548
391	-39.9455	-8.38102	2.90164	0.492188	-0.487026	-0.464542	0.552048
392	-39.6321	-7.95147	2.70013	0.506996	-0.478907	-0.463515	0.546587
393	-40.3845	-8.24297	2.61228	0.504138	-0.479458	-0.460693	0.551114
394	-41.5581	-8.85807	2.73228	0.491661	-0.483694	-0.459587	0.559544
395	-43.8262	-7.50292	2.79855	0.510954	-0.478608	-0.466742	0.540381
396	-45.1426	-7.47495	2.78642	0.511223	-0.478884	-0.466112	0.540426
397	-46.4742	-7.37419	2.76418	0.512376	-0.478311	-0.466125	0.539831
398	-47.8077	-7.3496	2.75691	0.512073	-0.478148	-0.466297	0.540113
399	-49.1302	-7.2318	2.70495	0.513798	-0.477278	-0.466025	0.539479
400	-50.7339	-7.1219	2.7406	0.513599	-0.478107	-0.466532	0.538496
401	-51.3413	-6.5812	2.41098	0.527644	-0.470742	-0.465089	0.532622
402	-52.7793	-6.95336	2.71766	0.517607	-0.476707	-0.46668	0.535765
403	-54.0236	-6.93317	2.71532	0.51758	-0.476504	-0.466658	0.53599
404	-55.2627	-6.88116	2.71753	0.517854	-0.476088	-0.467063	0.535742
405	-56.4693	-6.89702	2.7391	0.51763	-0.476739	-0.466688	0.535707
406	-57.6843	-6.86584	2.73692	0.517671	-0.476397	-0.467043	0.535662
407	-58.9064	-6.86646	2.73526	0.517146	-0.476421	-0.466987	0.536195
408	-60.0964	-6.87066	2.73697	0.516884	-0.476707	-0.466632	0.536503
409	-61.241	-6.85244	2.73206	0.516911	-0.47651	-0.46679	0.536515
410	-62.4041	-6.83962	2.76255	0.516644	-0.476845	-0.467169	0.536145
411	-63.5558	-6.78962	2.76395	0.516862	-0.476652	-0.467327	0.535968
412	-64.6717	-6.78681	2.77143	0.516568	-0.476948	-0.467235	0.536068
413	-65.8217	-6.74919	2.76183	0.517308	-0.476537	-0.467036	0.535893
414	-66.9318	-6.70848	2.77358	0.517422	-0.476209	-0.467762	0.535442
415	-68.0336	-6.64079	2.75437	0.518874	-0.475426	-0.467998	0.534526
416	-69.1239	-6.64558	2.77191	0.518879	-0.475417	-0.468357	0.534214
417	-70.2012	-6.63448	2.78568	0.518796	-0.47544	-0.468963	0.533743
418	-71.2475	-6.61131	2.80749	0.518845	-0.475007	-0.469652	0.533475
419	-72.3049	-6.62346	2.81152	0.518453	-0.474701	-0.470016	0.533807
420	-73.3624	-6.61506	2.82369	0.518609	-0.475025	-0.470186	0.533218
421	-74.3619	-6.55694	2.79794	0.519935	-0.473715	-0.470668	0.532666
422	-75.3549	-6.58485	2.82599	0.518997	-0.474464	-0.470957	0.532659
423	-76.3563	-6.59115	2.83986	0.518723	-0.474574	-0.471262	0.532557
424	-77.33	-6.622	2.82455	0.518116	-0.474567	-0.471122	0.533278
425	-78.3075	-6.57772	2.83956	0.519113	-0.474558	-0.471353	0.532111
426	-79.2685	-6.56526	2.85355	0.51892	-0.47404	-0.4721	0.5321
427	-80.2084	-6.57223	2.8322	0.519225	-0.474032	-0.471857	0.532025
428	-81.142	-6.57663	2.83931	0.519132	-0.473904	-0.472078	0.532034
429	-82.0508	-6.55773	2.83833	0.519724	-0.473951	-0.471969	0.53151
430	-82.9393	-6.5433	2.83415	0.520344	-0.474172	-0.471936	0.530736
431	-83.8144	-6.55694	2.84931	0.519482	-0.474357	-0.472242	0.531141
432	-84.7046	-6.53377	2.83354	0.520033	-0.473746	-0.472307	0.53109
433	-85.5487	-6.51472	2.83984	0.52045	-0.473852	-0.472471	0.530441
434	-86.428	-6.51902	2.82791	0.52067	-0.473488	-0.472607	0.530428
435	-87.2416	-6.55959	2.83033	0.519766	-0.473747	-0.472248	0.531403
436	-88.0926	-6.55345	2.84337	0.519901	-0.474228	-0.472609	0.530519
437	-88.8823	-6.56712	2.8338	0.520286	-0.473951	-0.472133	0.530813
438	-89.6888	-6.56335	2.82317	0.520486	-0.474068	-0.471842	0.530772
439	-90.4745	-6.61091	2.79293	0.519691	-0.473865	-0.471625	0.531925
440	-91.4398	-6.25332	2.99102	0.523664	-0.474624	-0.477328	0.522175
441	-91.9485	-6.68556	2.77061	0.518767	-0.473844	-0.470738	0.533628
442	-92.6034	-6.84938	2.69933	0.516834	-0.474313	-0.468226	0.537284
443	-93.3401	-6.82043	2.75772	0.517098	-0.475215	-0.468933	0.535614
444	-94.3459	-6.42576	2.68594	0.524047	-0.470122	-0.472671	0.530041
445	-94.9324	-6.59976	2.78789	0.519809	-0.473236	-0.47197	0.532063
446	-95.6479	-6.60398	2.78752	0.519936	-0.473714	-0.471582	0.531857
447	-96.3477	-6.60637	2.79045	0.519658	-0.473591	-0.472139	0.531745
448	-97.0217	-6.59688	2.77946	0.519974	-0.473278	-0.471898	0.531928
449	-97.6839	-6.56186	2.80201	0.520533	-0.473436	-0.472458	0.530742
450	-98.3335	-6.57511	2.81972	0.520001	-0.473845	-0.47262	0.530754
451	-98.9766	-6.53841	2.79865	0.52068	-0.473108	-0.472578	0.530783
452	-99.5944	-6.52797	2.78385	0.521098	-0.472793	-0.472445	0.530772
453	-100.199	-6.53881	2.82988	0.520382	-0.473685	-0.472955	0.530226
454	-100.794	-6.52935	2.79254	0.521208	-0.473325	-0.47229	0.530329
455	-101.377	-6.5545	2.80954	0.520495	-0.473708	-0.472558	0.530447
456	-101.937	-6.52384	2.80578	0.520986	-0.47337	-0.472902	0.529961
457	-102.503	-6.52748	2.80848	0.520969	-0.473133	-0.472897	0.530193
458	-103.019	-6.53946	2.83034	0.520626	-0.473771	-0.472914	0.529944
459	-103.55	-6.53692	2.81242	0.520668	-0.473496	-0.473122	0.529964
460	-104.09	-6.52417	2.7937	0.520861	-0.47323	-0.472902	0.530208
461	-104.572	-6.5374	2.80175	0.521073	-0.473371	-0.472848	0.529922
462	-105.068	-6.51552	2.79358	0.521283	-0.472936	-0.473028	0.529943
463	-105.562	-6.54264	2.79186	0.520888	-0.473453	-0.472679	0.530181
464	-106.044	-6.5297	2.78148	0.521221	-0.472836	-0.472899	0.530209
465	-106.468	-6.53825	2.79312	0.52085	-0.473076	-0.473213	0.530078
466	-106.943	-6.52749	2.78094	0.521497	-0.473322	-0.472503	0.529856
467	-107.386	-6.56908	2.79233	0.520586	-0.473339	-0.472612	0.53064
468	-107.785	-6.54461	2.81627	0.521073	-0.473633	-0.472925	0.529619
469	-108.186	-6.56783	2.78521	0.521298	-0.473323	-0.472601	0.529965
470	-108.598	-6.59705	2.78386	0.520084	-0.47299	-0.472819	0.531259
471	-108.941	-6.60355	2.78672	0.520089	-0.473353	-0.472713	0.531025
472	-109.339	-6.62608	2.76581	0.519539	-0.473	-0.472639	0.531942
473	-109.669	-6.67249	2.74594	0.519152	-0.473088	-0.471775	0.533008
474	-110.379	-6.40584	3.05276	0.521637	-0.476547	-0.477418	0.52237
475	-110.3	-6.78692	2.68529	0.517789	-0.472804	-0.470721	0.535512
476	-110.58	-6.8504	2.64929	0.516879	-0.472604	-0.469904	0.537282
477	-110.857	-6.91988	2.6081	0.515276	-0.471381	-0.469647	0.540113
478	-111.075	-6.98187	2.56759	0.51462	-0.47151	-0.468552	0.541575
479	-111.292	-7.06066	2.51615	0.513417	-0.471299	-0.467496	0.543809
480	-111.473	-7.13353	2.48086	0.51232	-0.471328	-0.466791	0.545421
481	-111.681	-7.19537	2.43251	0.511649	-0.470677	-0.465787	0.547468
482	-111.9	-7.26776	2.37959	0.511005	-0.47068	-0.464641	0.549038
483	-112.078	-7.32698	2.3315	0.510307	-0.46981	-0.463635	0.551278
484	-112.296	-7.34783	2.31489	0.510072	-0.469967	-0.462867	0.552007
485	-112.528	-7.37371	2.2813	0.509385	-0.469658	-0.462615	0.553115
486	-112.988	-7.11036	2.29504	0.514647	-0.468365	-0.464032	0.54813
487	-113.116	-6.7664	2.68244	0.517936	-0.47257	-0.470699	0.535595
488	-113.26	-6.79089	2.66078	0.517539	-0.472556	-0.470378	0.536272
489	-113.41	-6.78233	2.6767	0.516926	-0.471995	-0.47102	0.536795
490	-113.552	-6.81027	2.62415	0.517333	-0.471852	-0.469798	0.537599
491	-113.682	-6.79225	2.65358	0.517691	-0.472202	-0.469878	0.536876
492	-113.774	-6.78819	2.6405	0.517439	-0.471735	-0.470394	0.537077
493	-113.879	-6.78219	2.64915	0.517506	-0.471876	-0.470538	0.536763
494	-113.955	-6.80274	2.63116	0.517279	-0.47161	-0.470125	0.537577
495	-114.028	-6.79426	2.63637	0.51765	-0.472202	-0.469954	0.536849
496	-114.109	-6.80914	2.63298	0.51745	-0.472172	-0.469712	0.537279
497	-114.161	-6.79294	2.62298	0.517711	-0.47188	-0.470047	0.536992
498	-114.176	-6.79365	2.64017	0.517872	-0.472467	-0.469945	0.53641
499	-114.188	-6.79316	2.64094	0.51785	-0.472477	-0.469579	0.536742
500	-114.183	-6.80713	2.61463	0.517286	-0.471297	-0.470133	0.537838
